* LEAP(TM) 5.2.0.363  May/14/2007
* ©1993-2005 LinearX Systems Inc
* Dec 26, 2018   Wed 10:18 pm
* Design=\\tsclient\C\Data Simulaties\Leap\Forum Monkey Box\Forum monkey box MBrenn Faital 12PR320 FS 1m 283 V2.led
* Curve=Import: Meas Mbrenn FaitalPRO_12PR320_impedance_pr
* Info1=\\tsclient\C\Data Simulaties\Leap\Forum Monkey Box\Measurements\20181208\Meas Mb
* Info2=File Created: Dec/09/2018 5:05 PM
* Info3=File Imported: Dec  9, 2018  Sun  5:05 pm
* Info4=
* DataPoints= 1500
* DataUnits=  Hz   Ohm  Deg
 +1.000000E+001, +1.000000E+000, +1.000000E+000
 +1.004620E+001, +1.000000E+000, +1.000000E+000
 +1.009260E+001, +6.203000E+000, +2.221480E+001
 +1.013920E+001, +6.211400E+000, +2.231320E+001
 +1.018600E+001, +6.219800E+000, +2.241200E+001
 +1.023310E+001, +6.228300E+000, +2.251120E+001
 +1.028040E+001, +6.235900E+000, +2.261490E+001
 +1.032780E+001, +6.242800E+000, +2.272240E+001
 +1.037550E+001, +6.249700E+000, +2.283050E+001
 +1.042350E+001, +6.256700E+000, +2.293910E+001
 +1.047160E+001, +6.266400E+000, +2.305010E+001
 +1.052000E+001, +6.276600E+000, +2.316190E+001
 +1.056860E+001, +6.286800E+000, +2.327430E+001
 +1.061740E+001, +6.296100E+000, +2.338070E+001
 +1.066640E+001, +6.303300E+000, +2.347290E+001
 +1.071570E+001, +6.310500E+000, +2.356550E+001
 +1.076520E+001, +6.317800E+000, +2.365860E+001
 +1.081490E+001, +6.324800E+000, +2.377300E+001
 +1.086490E+001, +6.331800E+000, +2.389410E+001
 +1.091500E+001, +6.338800E+000, +2.401570E+001
 +1.096550E+001, +6.346700E+000, +2.413850E+001
 +1.101610E+001, +6.356600E+000, +2.426320E+001
 +1.106700E+001, +6.366600E+000, +2.438850E+001
 +1.111810E+001, +6.376600E+000, +2.451430E+001
 +1.116950E+001, +6.389100E+000, +2.462390E+001
 +1.122100E+001, +6.402000E+000, +2.473170E+001
 +1.127290E+001, +6.415000E+000, +2.484000E+001
 +1.132490E+001, +6.425600E+000, +2.494500E+001
 +1.137730E+001, +6.433900E+000, +2.504700E+001
 +1.142980E+001, +6.442200E+000, +2.514940E+001
 +1.148260E+001, +6.451400E+000, +2.525490E+001
 +1.153560E+001, +6.464400E+000, +2.537070E+001
 +1.158890E+001, +6.477400E+000, +2.548710E+001
 +1.164240E+001, +6.490400E+000, +2.560400E+001
 +1.169620E+001, +6.498900E+000, +2.571530E+001
 +1.175020E+001, +6.507300E+000, +2.582670E+001
 +1.180450E+001, +6.515600E+000, +2.593870E+001
 +1.185900E+001, +6.525700E+000, +2.606490E+001
 +1.191380E+001, +6.536600E+000, +2.619680E+001
 +1.196880E+001, +6.547500E+000, +2.632930E+001
 +1.202410E+001, +6.557400E+000, +2.647370E+001
 +1.207970E+001, +6.566700E+000, +2.662740E+001
 +1.213550E+001, +6.576000E+000, +2.678190E+001
 +1.219150E+001, +6.589000E+000, +2.690660E+001
 +1.224780E+001, +6.606700E+000, +2.699250E+001
 +1.230440E+001, +6.624400E+000, +2.707880E+001
 +1.236120E+001, +6.639900E+000, +2.719010E+001
 +1.241830E+001, +6.651100E+000, +2.734590E+001
 +1.247570E+001, +6.662500E+000, +2.750240E+001
 +1.253330E+001, +6.674400E+000, +2.765220E+001
 +1.259120E+001, +6.687700E+000, +2.778730E+001
 +1.264930E+001, +6.701100E+000, +2.792300E+001
 +1.270780E+001, +6.713700E+000, +2.805730E+001
 +1.276650E+001, +6.724600E+000, +2.818810E+001
 +1.282540E+001, +6.735500E+000, +2.831950E+001
 +1.288470E+001, +6.749200E+000, +2.845170E+001
 +1.294420E+001, +6.767200E+000, +2.858490E+001
 +1.300400E+001, +6.785300E+000, +2.871880E+001
 +1.306400E+001, +6.802200E+000, +2.886220E+001
 +1.312440E+001, +6.817600E+000, +2.901660E+001
 +1.318500E+001, +6.833100E+000, +2.917170E+001
 +1.324590E+001, +6.849300E+000, +2.931610E+001
 +1.330710E+001, +6.865900E+000, +2.945330E+001
 +1.336850E+001, +6.882600E+000, +2.959110E+001
 +1.343030E+001, +6.899800E+000, +2.973230E+001
 +1.349230E+001, +6.917200E+000, +2.987500E+001
 +1.355460E+001, +6.934700E+000, +3.001830E+001
 +1.361720E+001, +6.953600E+000, +3.016680E+001
 +1.368010E+001, +6.972600E+000, +3.031610E+001
 +1.374330E+001, +6.991800E+000, +3.046490E+001
 +1.380680E+001, +7.011500E+000, +3.060920E+001
 +1.387060E+001, +7.031300E+000, +3.075420E+001
 +1.393470E+001, +7.050700E+000, +3.089600E+001
 +1.399900E+001, +7.069700E+000, +3.103390E+001
 +1.406370E+001, +7.088800E+000, +3.117240E+001
 +1.412860E+001, +7.109100E+000, +3.131420E+001
 +1.419390E+001, +7.129900E+000, +3.145740E+001
 +1.425940E+001, +7.150700E+000, +3.160390E+001
 +1.432530E+001, +7.171700E+000, +3.177420E+001
 +1.439150E+001, +7.192800E+000, +3.194530E+001
 +1.445800E+001, +7.215900E+000, +3.210230E+001
 +1.452470E+001, +7.241000E+000, +3.224340E+001
 +1.459180E+001, +7.266300E+000, +3.238510E+001
 +1.465920E+001, +7.289300E+000, +3.254650E+001
 +1.472690E+001, +7.312100E+000, +3.271130E+001
 +1.479490E+001, +7.335300E+000, +3.287630E+001
 +1.486330E+001, +7.359500E+000, +3.304060E+001
 +1.493190E+001, +7.383800E+000, +3.320560E+001
 +1.500090E+001, +7.410200E+000, +3.336840E+001
 +1.507020E+001, +7.437400E+000, +3.353110E+001
 +1.513980E+001, +7.464700E+000, +3.369980E+001
 +1.520970E+001, +7.492400E+000, +3.388470E+001
 +1.528000E+001, +7.520200E+000, +3.407040E+001
 +1.535060E+001, +7.550800E+000, +3.422790E+001
 +1.542150E+001, +7.582300E+000, +3.437790E+001
 +1.549270E+001, +7.613300E+000, +3.453730E+001
 +1.556420E+001, +7.642900E+000, +3.471560E+001
 +1.563610E+001, +7.672800E+000, +3.489480E+001
 +1.570840E+001, +7.704500E+000, +3.507850E+001
 +1.578090E+001, +7.736500E+000, +3.526360E+001
 +1.585380E+001, +7.769700E+000, +3.544830E+001
 +1.592700E+001, +7.804100E+000, +3.563270E+001
 +1.600060E+001, +7.838800E+000, +3.581680E+001
 +1.607450E+001, +7.875000E+000, +3.599370E+001
 +1.614870E+001, +7.911300E+000, +3.617150E+001
 +1.622330E+001, +7.948800E+000, +3.634130E+001
 +1.629830E+001, +7.986600E+000, +3.650950E+001
 +1.637350E+001, +8.025500E+000, +3.668990E+001
 +1.644920E+001, +8.065600E+000, +3.688440E+001
 +1.652520E+001, +8.106200E+000, +3.707560E+001
 +1.660150E+001, +8.148600E+000, +3.724760E+001
 +1.667820E+001, +8.191200E+000, +3.742040E+001
 +1.675520E+001, +8.235400E+000, +3.762840E+001
 +1.683260E+001, +8.280100E+000, +3.784120E+001
 +1.691030E+001, +8.324200E+000, +3.803020E+001
 +1.698840E+001, +8.368000E+000, +3.820640E+001
 +1.706690E+001, +8.414500E+000, +3.839550E+001
 +1.714570E+001, +8.464700E+000, +3.860180E+001
 +1.722490E+001, +8.515500E+000, +3.879840E+001
 +1.730450E+001, +8.567600E+000, +3.895760E+001
 +1.738440E+001, +8.620100E+000, +3.911790E+001
 +1.746470E+001, +8.673600E+000, +3.929150E+001
 +1.754540E+001, +8.727400E+000, +3.946580E+001
 +1.762640E+001, +8.788800E+000, +3.968010E+001
 +1.770780E+001, +8.851600E+000, +3.990090E+001
 +1.778960E+001, +8.914200E+000, +4.008830E+001
 +1.787180E+001, +8.977000E+000, +4.026450E+001
 +1.795430E+001, +9.043000E+000, +4.045420E+001
 +1.803730E+001, +9.111100E+000, +4.065260E+001
 +1.812060E+001, +9.180900E+000, +4.083730E+001
 +1.820430E+001, +9.252300E+000, +4.100950E+001
 +1.828840E+001, +9.326500E+000, +4.119100E+001
 +1.837280E+001, +9.404100E+000, +4.138350E+001
 +1.845770E+001, +9.484000E+000, +4.157260E+001
 +1.854290E+001, +9.567400E+000, +4.175580E+001
 +1.862860E+001, +9.652300E+000, +4.194250E+001
 +1.871460E+001, +9.739500E+000, +4.213490E+001
 +1.880110E+001, +9.828200E+000, +4.233000E+001
 +1.888790E+001, +9.919600E+000, +4.252960E+001
 +1.897520E+001, +1.001310E+001, +4.270950E+001
 +1.906280E+001, +1.011020E+001, +4.284980E+001
 +1.915090E+001, +1.020950E+001, +4.299320E+001
 +1.923930E+001, +1.031240E+001, +4.314190E+001
 +1.932820E+001, +1.042340E+001, +4.329600E+001
 +1.941740E+001, +1.054680E+001, +4.345790E+001
 +1.950710E+001, +1.067170E+001, +4.363440E+001
 +1.959720E+001, +1.079850E+001, +4.382900E+001
 +1.968780E+001, +1.092730E+001, +4.396890E+001
 +1.977870E+001, +1.105790E+001, +4.405750E+001
 +1.987000E+001, +1.119870E+001, +4.416690E+001
 +1.996180E+001, +1.134640E+001, +4.429020E+001
 +2.005400E+001, +1.150350E+001, +4.441030E+001
 +2.014660E+001, +1.166500E+001, +4.452950E+001
 +2.023970E+001, +1.183390E+001, +4.464400E+001
 +2.033320E+001, +1.200500E+001, +4.475800E+001
 +2.042710E+001, +1.219220E+001, +4.480440E+001
 +2.052150E+001, +1.238200E+001, +4.485370E+001
 +2.061620E+001, +1.258170E+001, +4.493870E+001
 +2.071150E+001, +1.279050E+001, +4.499050E+001
 +2.080710E+001, +1.302010E+001, +4.495990E+001
 +2.090320E+001, +1.325410E+001, +4.492050E+001
 +2.099980E+001, +1.349290E+001, +4.487120E+001
 +2.109680E+001, +1.374930E+001, +4.481720E+001
 +2.119420E+001, +1.401500E+001, +4.476090E+001
 +2.129210E+001, +1.431040E+001, +4.465500E+001
 +2.139050E+001, +1.461030E+001, +4.454120E+001
 +2.148930E+001, +1.490740E+001, +4.441910E+001
 +2.158850E+001, +1.522350E+001, +4.423180E+001
 +2.168820E+001, +1.557260E+001, +4.392790E+001
 +2.178840E+001, +1.594760E+001, +4.361130E+001
 +2.188900E+001, +1.633950E+001, +4.328620E+001
 +2.199010E+001, +1.676120E+001, +4.287310E+001
 +2.209170E+001, +1.719420E+001, +4.244010E+001
 +2.219380E+001, +1.765680E+001, +4.197150E+001
 +2.229630E+001, +1.815590E+001, +4.135630E+001
 +2.239930E+001, +1.869630E+001, +4.057430E+001
 +2.250270E+001, +1.922240E+001, +3.977780E+001
 +2.260660E+001, +1.975720E+001, +3.894980E+001
 +2.271110E+001, +2.038900E+001, +3.790520E+001
 +2.281600E+001, +2.104030E+001, +3.678570E+001
 +2.292130E+001, +2.171570E+001, +3.557210E+001
 +2.302720E+001, +2.241210E+001, +3.418950E+001
 +2.313360E+001, +2.311030E+001, +3.268190E+001
 +2.324040E+001, +2.377740E+001, +3.075000E+001
 +2.334780E+001, +2.454440E+001, +2.874940E+001
 +2.345560E+001, +2.540180E+001, +2.668610E+001
 +2.356400E+001, +2.606800E+001, +2.444640E+001
 +2.367280E+001, +2.667090E+001, +2.202760E+001
 +2.378210E+001, +2.717070E+001, +1.926080E+001
 +2.389200E+001, +2.781480E+001, +1.635850E+001
 +2.400230E+001, +2.845560E+001, +1.332240E+001
 +2.411320E+001, +2.874130E+001, +9.838600E+000
 +2.422460E+001, +2.898810E+001, +6.331200E+000
 +2.433650E+001, +2.919550E+001, +2.802900E+000
 +2.444890E+001, +2.893340E+001, -7.049630E-001
 +2.456180E+001, +2.866220E+001, -4.246200E+000
 +2.467520E+001, +2.838130E+001, -7.822400E+000
 +2.478920E+001, +2.775640E+001, -1.119520E+001
 +2.490370E+001, +2.705230E+001, -1.455320E+001
 +2.501870E+001, +2.626780E+001, -1.790290E+001
 +2.513430E+001, +2.533650E+001, -2.067540E+001
 +2.525040E+001, +2.438110E+001, -2.321560E+001
 +2.536700E+001, +2.341300E+001, -2.549660E+001
 +2.548420E+001, +2.248870E+001, -2.758530E+001
 +2.560190E+001, +2.154030E+001, -2.958000E+001
 +2.572020E+001, +2.055600E+001, -3.147330E+001
 +2.583890E+001, +1.971160E+001, -3.290550E+001
 +2.595830E+001, +1.885300E+001, -3.419940E+001
 +2.607820E+001, +1.798270E+001, -3.535070E+001
 +2.619860E+001, +1.725460E+001, -3.609650E+001
 +2.631970E+001, +1.654130E+001, -3.688030E+001
 +2.644120E+001, +1.584200E+001, -3.761940E+001
 +2.656340E+001, +1.516620E+001, -3.803270E+001
 +2.668600E+001, +1.456590E+001, -3.836430E+001
 +2.680930E+001, +1.401200E+001, -3.855320E+001
 +2.693310E+001, +1.350140E+001, -3.851560E+001
 +2.705750E+001, +1.300820E+001, -3.855900E+001
 +2.718250E+001, +1.253370E+001, -3.846610E+001
 +2.730810E+001, +1.208440E+001, -3.825950E+001
 +2.743420E+001, +1.169340E+001, -3.809460E+001
 +2.756090E+001, +1.133920E+001, -3.778250E+001
 +2.768820E+001, +1.099110E+001, -3.744700E+001
 +2.781610E+001, +1.063890E+001, -3.713710E+001
 +2.794460E+001, +1.033310E+001, -3.676230E+001
 +2.807360E+001, +1.003680E+001, -3.619770E+001
 +2.820330E+001, +9.752700E+000, -3.553940E+001
 +2.833360E+001, +9.483800E+000, -3.486610E+001
 +2.846450E+001, +9.237600E+000, -3.439650E+001
 +2.859590E+001, +9.002000E+000, -3.374390E+001
 +2.872800E+001, +8.793200E+000, -3.302410E+001
 +2.886070E+001, +8.623300E+000, -3.231690E+001
 +2.899400E+001, +8.469400E+000, -3.136220E+001
 +2.912790E+001, +8.302800E+000, -3.081020E+001
 +2.926250E+001, +8.119700E+000, -3.019870E+001
 +2.939760E+001, +7.936500E+000, -2.935840E+001
 +2.953340E+001, +7.824200E+000, -2.850850E+001
 +2.966980E+001, +7.663700E+000, -2.744590E+001
 +2.980690E+001, +7.532300E+000, -2.663120E+001
 +2.994450E+001, +7.418800E+000, -2.590090E+001
 +3.008280E+001, +7.300000E+000, -2.500650E+001
 +3.022180E+001, +7.199500E+000, -2.406410E+001
 +3.036140E+001, +7.092300E+000, -2.331850E+001
 +3.050160E+001, +7.004000E+000, -2.233830E+001
 +3.064250E+001, +6.924300E+000, -2.128130E+001
 +3.078400E+001, +6.839900E+000, -2.041820E+001
 +3.092620E+001, +6.779400E+000, -1.962040E+001
 +3.106910E+001, +6.693500E+000, -1.880360E+001
 +3.121260E+001, +6.630300E+000, -1.801270E+001
 +3.135670E+001, +6.572200E+000, -1.726580E+001
 +3.150160E+001, +6.507000E+000, -1.649090E+001
 +3.164710E+001, +6.441800E+000, -1.556020E+001
 +3.179320E+001, +6.391900E+000, -1.462940E+001
 +3.194010E+001, +6.340000E+000, -1.378360E+001
 +3.208760E+001, +6.288800E+000, -1.288410E+001
 +3.223580E+001, +6.247200E+000, -1.198280E+001
 +3.238470E+001, +6.210400E+000, -1.114660E+001
 +3.253430E+001, +6.171300E+000, -1.035130E+001
 +3.268460E+001, +6.142200E+000, -9.422800E+000
 +3.283550E+001, +6.115400E+000, -8.606600E+000
 +3.298720E+001, +6.085800E+000, -7.785600E+000
 +3.313960E+001, +6.061900E+000, -6.977200E+000
 +3.329260E+001, +6.042400E+000, -6.194400E+000
 +3.344640E+001, +6.023800E+000, -5.394600E+000
 +3.360090E+001, +6.004900E+000, -4.593200E+000
 +3.375610E+001, +5.987600E+000, -3.831500E+000
 +3.391200E+001, +5.971300E+000, -3.016800E+000
 +3.406860E+001, +5.956500E+000, -2.232800E+000
 +3.422600E+001, +5.946400E+000, -1.450400E+000
 +3.438410E+001, +5.937200E+000, -6.765440E-001
 +3.454290E+001, +5.931000E+000, +6.651600E-002
 +3.470250E+001, +5.923900E+000, +8.186780E-001
 +3.486270E+001, +5.917900E+000, +1.566000E+000
 +3.502380E+001, +5.914100E+000, +2.291200E+000
 +3.518550E+001, +5.912100E+000, +2.998400E+000
 +3.534810E+001, +5.911800E+000, +3.713000E+000
 +3.551130E+001, +5.912700E+000, +4.438600E+000
 +3.567540E+001, +5.914300E+000, +5.141400E+000
 +3.584010E+001, +5.916300E+000, +5.828800E+000
 +3.600570E+001, +5.920000E+000, +6.503000E+000
 +3.617200E+001, +5.925600E+000, +7.172900E+000
 +3.633910E+001, +5.933300E+000, +7.842900E+000
 +3.650690E+001, +5.940700E+000, +8.518900E+000
 +3.667550E+001, +5.948300E+000, +9.170700E+000
 +3.684490E+001, +5.957300E+000, +9.809400E+000
 +3.701510E+001, +5.968500E+000, +1.044400E+001
 +3.718610E+001, +5.982200E+000, +1.106720E+001
 +3.735780E+001, +5.993400E+000, +1.173520E+001
 +3.753040E+001, +6.004500E+000, +1.237200E+001
 +3.770370E+001, +6.019000E+000, +1.297980E+001
 +3.787790E+001, +6.036800E+000, +1.356000E+001
 +3.805280E+001, +6.050200E+000, +1.417010E+001
 +3.822860E+001, +6.065400E+000, +1.470690E+001
 +3.840520E+001, +6.087300E+000, +1.538030E+001
 +3.858260E+001, +6.095500E+000, +1.597580E+001
 +3.876080E+001, +6.122600E+000, +1.651490E+001
 +3.893980E+001, +6.139300E+000, +1.714720E+001
 +3.911960E+001, +6.164900E+000, +1.767960E+001
 +3.930030E+001, +6.179300E+000, +1.830660E+001
 +3.948190E+001, +6.207300E+000, +1.889650E+001
 +3.966420E+001, +6.225600E+000, +1.936060E+001
 +3.984740E+001, +6.243100E+000, +1.995820E+001
 +4.003150E+001, +6.283600E+000, +2.049500E+001
 +4.021640E+001, +6.297900E+000, +2.092560E+001
 +4.040210E+001, +6.334800E+000, +2.157140E+001
 +4.058870E+001, +6.369600E+000, +2.203140E+001
 +4.077620E+001, +6.380000E+000, +2.257590E+001
 +4.096460E+001, +6.403900E+000, +2.324910E+001
 +4.115380E+001, +6.448700E+000, +2.375530E+001
 +4.134390E+001, +6.476100E+000, +2.418360E+001
 +4.153480E+001, +6.498500E+000, +2.463790E+001
 +4.172670E+001, +6.524200E+000, +2.526980E+001
 +4.191940E+001, +6.567400E+000, +2.588370E+001
 +4.211300E+001, +6.609400E+000, +2.626000E+001
 +4.230750E+001, +6.644000E+000, +2.666780E+001
 +4.250290E+001, +6.680800E+000, +2.715980E+001
 +4.269930E+001, +6.710800E+000, +2.771710E+001
 +4.289650E+001, +6.739000E+000, +2.821240E+001
 +4.309460E+001, +6.782800E+000, +2.871400E+001
 +4.329370E+001, +6.833800E+000, +2.916440E+001
 +4.349360E+001, +6.887400E+000, +2.972190E+001
 +4.369450E+001, +6.935200E+000, +3.022900E+001
 +4.389630E+001, +6.969400E+000, +3.069760E+001
 +4.409910E+001, +7.009800E+000, +3.114560E+001
 +4.430280E+001, +7.049900E+000, +3.154530E+001
 +4.450740E+001, +7.101900E+000, +3.191470E+001
 +4.471300E+001, +7.157500E+000, +3.234900E+001
 +4.491950E+001, +7.207400E+000, +3.274700E+001
 +4.512700E+001, +7.245900E+000, +3.314080E+001
 +4.533540E+001, +7.282900E+000, +3.359440E+001
 +4.554480E+001, +7.309300E+000, +3.412830E+001
 +4.575520E+001, +7.365400E+000, +3.456920E+001
 +4.596650E+001, +7.411800E+000, +3.504190E+001
 +4.617880E+001, +7.463700E+000, +3.550060E+001
 +4.639210E+001, +7.519200E+000, +3.595080E+001
 +4.660640E+001, +7.590800E+000, +3.647500E+001
 +4.682170E+001, +7.646400E+000, +3.688190E+001
 +4.703790E+001, +7.711000E+000, +3.734600E+001
 +4.725520E+001, +7.782500E+000, +3.784580E+001
 +4.747350E+001, +7.842600E+000, +3.835820E+001
 +4.769270E+001, +7.912600E+000, +3.882080E+001
 +4.791300E+001, +7.980600E+000, +3.928340E+001
 +4.813430E+001, +8.045200E+000, +3.970620E+001
 +4.835670E+001, +8.123100E+000, +4.006750E+001
 +4.858000E+001, +8.194400E+000, +4.033910E+001
 +4.880440E+001, +8.267100E+000, +4.064910E+001
 +4.902980E+001, +8.332200E+000, +4.115070E+001
 +4.925630E+001, +8.395200E+000, +4.157190E+001
 +4.948380E+001, +8.479900E+000, +4.204230E+001
 +4.971240E+001, +8.566100E+000, +4.246800E+001
 +4.994200E+001, +8.650900E+000, +4.302970E+001
 +5.017260E+001, +8.740500E+000, +4.349580E+001
 +5.040440E+001, +8.818700E+000, +4.396430E+001
 +5.063720E+001, +8.924500E+000, +4.438230E+001
 +5.087110E+001, +9.037700E+000, +4.468510E+001
 +5.110610E+001, +9.166600E+000, +4.505360E+001
 +5.134210E+001, +9.286600E+000, +4.550550E+001
 +5.157920E+001, +9.394500E+000, +4.581690E+001
 +5.181750E+001, +9.495000E+000, +4.596340E+001
 +5.205680E+001, +9.575200E+000, +4.647160E+001
 +5.229730E+001, +9.684100E+000, +4.698800E+001
 +5.253880E+001, +9.813400E+000, +4.732680E+001
 +5.278150E+001, +9.949800E+000, +4.772120E+001
 +5.302530E+001, +1.006910E+001, +4.826700E+001
 +5.327020E+001, +1.024090E+001, +4.851120E+001
 +5.351620E+001, +1.040170E+001, +4.887030E+001
 +5.376340E+001, +1.059610E+001, +4.928100E+001
 +5.401180E+001, +1.080960E+001, +4.960490E+001
 +5.426120E+001, +1.100180E+001, +4.991880E+001
 +5.451190E+001, +1.122490E+001, +4.995340E+001
 +5.476360E+001, +1.148810E+001, +4.971900E+001
 +5.501660E+001, +1.175590E+001, +4.953410E+001
 +5.527070E+001, +1.196080E+001, +4.850320E+001
 +5.552600E+001, +1.205000E+001, +4.754870E+001
 +5.578250E+001, +1.187940E+001, +4.660430E+001
 +5.604010E+001, +1.171140E+001, +4.695470E+001
 +5.629900E+001, +1.171430E+001, +4.866800E+001
 +5.655900E+001, +1.188230E+001, +4.995010E+001
 +5.682020E+001, +1.211350E+001, +5.073160E+001
 +5.708270E+001, +1.241630E+001, +5.123540E+001
 +5.734630E+001, +1.272810E+001, +5.145410E+001
 +5.761120E+001, +1.316220E+001, +5.143220E+001
 +5.787730E+001, +1.344580E+001, +5.120160E+001
 +5.814460E+001, +1.364050E+001, +5.033700E+001
 +5.841320E+001, +1.369010E+001, +5.015730E+001
 +5.868300E+001, +1.380170E+001, +4.950380E+001
 +5.895410E+001, +1.376890E+001, +4.930930E+001
 +5.922640E+001, +1.369360E+001, +4.872410E+001
 +5.949990E+001, +1.353550E+001, +5.013410E+001
 +5.977470E+001, +1.378820E+001, +5.135880E+001
 +6.005080E+001, +1.401180E+001, +5.258570E+001
 +6.032820E+001, +1.435760E+001, +5.350750E+001
 +6.060680E+001, +1.463620E+001, +5.415410E+001
 +6.088680E+001, +1.501280E+001, +5.460040E+001
 +6.116800E+001, +1.526800E+001, +5.456020E+001
 +6.145050E+001, +1.571440E+001, +5.518660E+001
 +6.173440E+001, +1.600010E+001, +5.556150E+001
 +6.201950E+001, +1.633480E+001, +5.597710E+001
 +6.230600E+001, +1.673500E+001, +5.624990E+001
 +6.259380E+001, +1.726840E+001, +5.646870E+001
 +6.288290E+001, +1.771850E+001, +5.714230E+001
 +6.317330E+001, +1.818440E+001, +5.746300E+001
 +6.346510E+001, +1.871920E+001, +5.755930E+001
 +6.375820E+001, +1.926700E+001, +5.774190E+001
 +6.405270E+001, +1.997480E+001, +5.756910E+001
 +6.434860E+001, +2.054780E+001, +5.798270E+001
 +6.464580E+001, +2.111470E+001, +5.775120E+001
 +6.494440E+001, +2.188390E+001, +5.746230E+001
 +6.524440E+001, +2.259270E+001, +5.763200E+001
 +6.554570E+001, +2.343000E+001, +5.726180E+001
 +6.584850E+001, +2.423410E+001, +5.688560E+001
 +6.615260E+001, +2.494290E+001, +5.634420E+001
 +6.645820E+001, +2.578840E+001, +5.590580E+001
 +6.676510E+001, +2.657040E+001, +5.562470E+001
 +6.707350E+001, +2.732110E+001, +5.599890E+001
 +6.738330E+001, +2.844490E+001, +5.590170E+001
 +6.769460E+001, +2.983670E+001, +5.524310E+001
 +6.800720E+001, +3.111140E+001, +5.476400E+001
 +6.832130E+001, +3.224370E+001, +5.483640E+001
 +6.863690E+001, +3.375720E+001, +5.440430E+001
 +6.895390E+001, +3.562700E+001, +5.359820E+001
 +6.927240E+001, +3.807100E+001, +5.275570E+001
 +6.959240E+001, +4.027220E+001, +5.207430E+001
 +6.991380E+001, +4.235020E+001, +5.056350E+001
 +7.023670E+001, +4.512440E+001, +4.868090E+001
 +7.056120E+001, +4.834090E+001, +4.665660E+001
 +7.088710E+001, +5.180550E+001, +4.463800E+001
 +7.121450E+001, +5.484740E+001, +4.178770E+001
 +7.154340E+001, +5.841330E+001, +3.815580E+001
 +7.187390E+001, +6.354520E+001, +3.430860E+001
 +7.220580E+001, +6.769110E+001, +3.062250E+001
 +7.253940E+001, +7.076040E+001, +2.528170E+001
 +7.287440E+001, +7.420660E+001, +1.891300E+001
 +7.321100E+001, +7.797580E+001, +1.229450E+001
 +7.354920E+001, +8.018880E+001, +6.123100E+000
 +7.388890E+001, +7.940410E+001, -5.883590E-001
 +7.423020E+001, +7.743540E+001, -8.000600E+000
 +7.457300E+001, +7.604800E+001, -1.484870E+001
 +7.491750E+001, +7.342360E+001, -2.087130E+001
 +7.526350E+001, +6.767230E+001, -2.493910E+001
 +7.561110E+001, +6.380590E+001, -3.007910E+001
 +7.596040E+001, +6.017340E+001, -3.372420E+001
 +7.631120E+001, +5.693470E+001, -3.644970E+001
 +7.666370E+001, +5.393430E+001, -3.761700E+001
 +7.701780E+001, +5.198280E+001, -3.995710E+001
 +7.737350E+001, +5.003700E+001, -4.297220E+001
 +7.773090E+001, +4.776020E+001, -4.463930E+001
 +7.808990E+001, +4.564120E+001, -4.712510E+001
 +7.845060E+001, +4.356030E+001, -4.982110E+001
 +7.881300E+001, +4.155930E+001, -5.184190E+001
 +7.917700E+001, +3.947470E+001, -5.319170E+001
 +7.954270E+001, +3.725530E+001, -5.477170E+001
 +7.991010E+001, +3.553100E+001, -5.612820E+001
 +8.027920E+001, +3.391420E+001, -5.698770E+001
 +8.065000E+001, +3.224160E+001, -5.757950E+001
 +8.102250E+001, +3.075170E+001, -5.831010E+001
 +8.139680E+001, +2.964640E+001, -5.887390E+001
 +8.177270E+001, +2.853460E+001, -5.917410E+001
 +8.215040E+001, +2.732960E+001, -5.961820E+001
 +8.252990E+001, +2.632560E+001, -6.026800E+001
 +8.291100E+001, +2.541030E+001, -6.052550E+001
 +8.329400E+001, +2.445770E+001, -6.068820E+001
 +8.367870E+001, +2.357500E+001, -6.101100E+001
 +8.406520E+001, +2.276950E+001, -6.107460E+001
 +8.445350E+001, +2.205250E+001, -6.101070E+001
 +8.484360E+001, +2.128350E+001, -6.089950E+001
 +8.523550E+001, +2.063890E+001, -6.088590E+001
 +8.562920E+001, +2.002110E+001, -6.063660E+001
 +8.602470E+001, +1.940780E+001, -6.034520E+001
 +8.642200E+001, +1.887360E+001, -5.990460E+001
 +8.682120E+001, +1.848290E+001, -5.958230E+001
 +8.722220E+001, +1.808870E+001, -5.929600E+001
 +8.762510E+001, +1.772780E+001, -5.889570E+001
 +8.802980E+001, +1.745090E+001, -5.887600E+001
 +8.843640E+001, +1.710910E+001, -5.876350E+001
 +8.884490E+001, +1.676810E+001, -5.883070E+001
 +8.925520E+001, +1.642250E+001, -5.890510E+001
 +8.966750E+001, +1.606990E+001, -5.880590E+001
 +9.008170E+001, +1.571630E+001, -5.873270E+001
 +9.049770E+001, +1.538540E+001, -5.864440E+001
 +9.091570E+001, +1.505540E+001, -5.839490E+001
 +9.133570E+001, +1.473320E+001, -5.818940E+001
 +9.175750E+001, +1.443450E+001, -5.791700E+001
 +9.218140E+001, +1.415660E+001, -5.757320E+001
 +9.260710E+001, +1.387850E+001, -5.721990E+001
 +9.303490E+001, +1.363450E+001, -5.684000E+001
 +9.346460E+001, +1.341460E+001, -5.641080E+001
 +9.389630E+001, +1.320350E+001, -5.599680E+001
 +9.433000E+001, +1.302300E+001, -5.568580E+001
 +9.476570E+001, +1.286190E+001, -5.538720E+001
 +9.520340E+001, +1.267210E+001, -5.515840E+001
 +9.564310E+001, +1.247640E+001, -5.494880E+001
 +9.608490E+001, +1.229100E+001, -5.463740E+001
 +9.652870E+001, +1.211000E+001, -5.434550E+001
 +9.697460E+001, +1.194240E+001, -5.403400E+001
 +9.742250E+001, +1.177470E+001, -5.366520E+001
 +9.787240E+001, +1.162710E+001, -5.330520E+001
 +9.832450E+001, +1.148440E+001, -5.292830E+001
 +9.877870E+001, +1.133630E+001, -5.258110E+001
 +9.923490E+001, +1.121200E+001, -5.228600E+001
 +9.969330E+001, +1.110230E+001, -5.202540E+001
 +1.001537E+002, +1.101330E+001, -5.140080E+001
 +1.006163E+002, +1.084650E+001, -5.138430E+001
 +1.010811E+002, +1.073770E+001, -5.117180E+001
 +1.015479E+002, +1.059360E+001, -5.094050E+001
 +1.020170E+002, +1.047560E+001, -5.063140E+001
 +1.024882E+002, +1.034250E+001, -5.034990E+001
 +1.029616E+002, +1.021840E+001, -4.991420E+001
 +1.034371E+002, +1.012980E+001, -4.954580E+001
 +1.039149E+002, +1.001800E+001, -4.911500E+001
 +1.043949E+002, +9.921800E+000, -4.880540E+001
 +1.048770E+002, +9.836200E+000, -4.841820E+001
 +1.053615E+002, +9.743400E+000, -4.811720E+001
 +1.058481E+002, +9.652400E+000, -4.789680E+001
 +1.063370E+002, +9.566800E+000, -4.752850E+001
 +1.068282E+002, +9.471100E+000, -4.717880E+001
 +1.073216E+002, +9.396500E+000, -4.685370E+001
 +1.078173E+002, +9.307400E+000, -4.647510E+001
 +1.083153E+002, +9.237800E+000, -4.617390E+001
 +1.088156E+002, +9.164200E+000, -4.585960E+001
 +1.093182E+002, +9.082300E+000, -4.555460E+001
 +1.098231E+002, +9.028000E+000, -4.518290E+001
 +1.103304E+002, +8.955100E+000, -4.493380E+001
 +1.108400E+002, +8.888800E+000, -4.467140E+001
 +1.113519E+002, +8.812900E+000, -4.441750E+001
 +1.118663E+002, +8.734000E+000, -4.414220E+001
 +1.123830E+002, +8.659300E+000, -4.379880E+001
 +1.129020E+002, +8.587800E+000, -4.341400E+001
 +1.134235E+002, +8.525100E+000, -4.304740E+001
 +1.139474E+002, +8.463400E+000, -4.269030E+001
 +1.144737E+002, +8.404500E+000, -4.227500E+001
 +1.150025E+002, +8.347800E+000, -4.197670E+001
 +1.155336E+002, +8.292900E+000, -4.159520E+001
 +1.160673E+002, +8.244700E+000, -4.124920E+001
 +1.166034E+002, +8.199300E+000, -4.091660E+001
 +1.171420E+002, +8.149600E+000, -4.061920E+001
 +1.176830E+002, +8.107600E+000, -4.027450E+001
 +1.182266E+002, +8.052300E+000, -4.002310E+001
 +1.187727E+002, +8.012300E+000, -3.973080E+001
 +1.193213E+002, +7.967800E+000, -3.939640E+001
 +1.198724E+002, +7.928600E+000, -3.911820E+001
 +1.204261E+002, +7.872300E+000, -3.892740E+001
 +1.209823E+002, +7.814000E+000, -3.865680E+001
 +1.215411E+002, +7.768900E+000, -3.833850E+001
 +1.221025E+002, +7.711800E+000, -3.793810E+001
 +1.226665E+002, +7.658700E+000, -3.761240E+001
 +1.232330E+002, +7.612900E+000, -3.720740E+001
 +1.238022E+002, +7.567200E+000, -3.678460E+001
 +1.243741E+002, +7.525000E+000, -3.634910E+001
 +1.249485E+002, +7.486700E+000, -3.594330E+001
 +1.255257E+002, +7.457900E+000, -3.545460E+001
 +1.261054E+002, +7.440400E+000, -3.500440E+001
 +1.266879E+002, +7.424000E+000, -3.468240E+001
 +1.272731E+002, +7.399600E+000, -3.435360E+001
 +1.278609E+002, +7.371000E+000, -3.398790E+001
 +1.284515E+002, +7.346900E+000, -3.357090E+001
 +1.290448E+002, +7.336100E+000, -3.309100E+001
 +1.296408E+002, +7.346500E+000, -3.265530E+001
 +1.302396E+002, +7.377700E+000, -3.244170E+001
 +1.308412E+002, +7.393600E+000, -3.251210E+001
 +1.314455E+002, +7.378300E+000, -3.270460E+001
 +1.320527E+002, +7.332500E+000, -3.280080E+001
 +1.326626E+002, +7.272500E+000, -3.271770E+001
 +1.332754E+002, +7.222400E+000, -3.250880E+001
 +1.338909E+002, +7.172500E+000, -3.231070E+001
 +1.345094E+002, +7.128000E+000, -3.207050E+001
 +1.351306E+002, +7.084400E+000, -3.177640E+001
 +1.357548E+002, +7.042400E+000, -3.144100E+001
 +1.363818E+002, +7.006500E+000, -3.114680E+001
 +1.370118E+002, +6.973200E+000, -3.081370E+001
 +1.376446E+002, +6.939500E+000, -3.045940E+001
 +1.382804E+002, +6.906800E+000, -3.009340E+001
 +1.389191E+002, +6.879000E+000, -2.973450E+001
 +1.395607E+002, +6.856400E+000, -2.934850E+001
 +1.402053E+002, +6.836500E+000, -2.898050E+001
 +1.408529E+002, +6.823200E+000, -2.863730E+001
 +1.415035E+002, +6.809500E+000, -2.834440E+001
 +1.421571E+002, +6.795200E+000, -2.804370E+001
 +1.428137E+002, +6.777900E+000, -2.781260E+001
 +1.434733E+002, +6.760100E+000, -2.755400E+001
 +1.441360E+002, +6.729900E+000, -2.730440E+001
 +1.448018E+002, +6.705900E+000, -2.692510E+001
 +1.454706E+002, +6.689900E+000, -2.657440E+001
 +1.461425E+002, +6.676200E+000, -2.621590E+001
 +1.468175E+002, +6.666700E+000, -2.585060E+001
 +1.474956E+002, +6.670000E+000, -2.548850E+001
 +1.481769E+002, +6.679000E+000, -2.519160E+001
 +1.488613E+002, +6.688900E+000, -2.515290E+001
 +1.495489E+002, +6.677700E+000, -2.511850E+001
 +1.502396E+002, +6.654900E+000, -2.502020E+001
 +1.509336E+002, +6.629200E+000, -2.492970E+001
 +1.516307E+002, +6.597600E+000, -2.474860E+001
 +1.523311E+002, +6.568100E+000, -2.449390E+001
 +1.530347E+002, +6.541800E+000, -2.422920E+001
 +1.537415E+002, +6.520900E+000, -2.393560E+001
 +1.544516E+002, +6.496800E+000, -2.365680E+001
 +1.551650E+002, +6.479000E+000, -2.340000E+001
 +1.558817E+002, +6.459400E+000, -2.308760E+001
 +1.566017E+002, +6.440900E+000, -2.281500E+001
 +1.573250E+002, +6.426500E+000, -2.250960E+001
 +1.580517E+002, +6.410700E+000, -2.220070E+001
 +1.587817E+002, +6.394100E+000, -2.193240E+001
 +1.595151E+002, +6.380300E+000, -2.162420E+001
 +1.602519E+002, +6.362200E+000, -2.130950E+001
 +1.609921E+002, +6.349200E+000, -2.095860E+001
 +1.617357E+002, +6.343000E+000, -2.057270E+001
 +1.624827E+002, +6.338900E+000, -2.020720E+001
 +1.632332E+002, +6.342100E+000, -1.992020E+001
 +1.639872E+002, +6.346300E+000, -1.968270E+001
 +1.647446E+002, +6.347900E+000, -1.949300E+001
 +1.655055E+002, +6.347100E+000, -1.932920E+001
 +1.662700E+002, +6.338700E+000, -1.916460E+001
 +1.670380E+002, +6.328200E+000, -1.907290E+001
 +1.678095E+002, +6.317900E+000, -1.893480E+001
 +1.685846E+002, +6.290300E+000, -1.871290E+001
 +1.693633E+002, +6.268500E+000, -1.849500E+001
 +1.701455E+002, +6.254800E+000, -1.821610E+001
 +1.709314E+002, +6.236700E+000, -1.792350E+001
 +1.717209E+002, +6.228100E+000, -1.759540E+001
 +1.725141E+002, +6.214900E+000, -1.729070E+001
 +1.733109E+002, +6.206400E+000, -1.701840E+001
 +1.741114E+002, +6.197600E+000, -1.665180E+001
 +1.749156E+002, +6.194000E+000, -1.635710E+001
 +1.757235E+002, +6.193000E+000, -1.609560E+001
 +1.765352E+002, +6.188700E+000, -1.580530E+001
 +1.773506E+002, +6.187600E+000, -1.550660E+001
 +1.781697E+002, +6.190000E+000, -1.522340E+001
 +1.789927E+002, +6.193800E+000, -1.495170E+001
 +1.798194E+002, +6.204100E+000, -1.474780E+001
 +1.806500E+002, +6.211200E+000, -1.459050E+001
 +1.814844E+002, +6.215300E+000, -1.454860E+001
 +1.823226E+002, +6.204100E+000, -1.450690E+001
 +1.831647E+002, +6.181500E+000, -1.442670E+001
 +1.840108E+002, +6.162600E+000, -1.418690E+001
 +1.848607E+002, +6.147300E+000, -1.392940E+001
 +1.857145E+002, +6.136000E+000, -1.369310E+001
 +1.865723E+002, +6.122100E+000, -1.339930E+001
 +1.874341E+002, +6.112100E+000, -1.311580E+001
 +1.882998E+002, +6.105900E+000, -1.281160E+001
 +1.891696E+002, +6.097100E+000, -1.251350E+001
 +1.900433E+002, +6.096100E+000, -1.219340E+001
 +1.909211E+002, +6.097100E+000, -1.188370E+001
 +1.918029E+002, +6.103900E+000, -1.162560E+001
 +1.926888E+002, +6.110700E+000, -1.142370E+001
 +1.935789E+002, +6.110900E+000, -1.130510E+001
 +1.944730E+002, +6.099000E+000, -1.115020E+001
 +1.953712E+002, +6.087500E+000, -1.092890E+001
 +1.962736E+002, +6.080500E+000, -1.063510E+001
 +1.971802E+002, +6.075200E+000, -1.033540E+001
 +1.980909E+002, +6.075900E+000, -1.006560E+001
 +1.990059E+002, +6.075700E+000, -9.796200E+000
 +1.999251E+002, +6.078200E+000, -9.559800E+000
 +2.008485E+002, +6.074500E+000, -9.312000E+000
 +2.017762E+002, +6.075100E+000, -9.042700E+000
 +2.027082E+002, +6.078100E+000, -8.727600E+000
 +2.036445E+002, +6.089600E+000, -8.480200E+000
 +2.045851E+002, +6.101600E+000, -8.290700E+000
 +2.055300E+002, +6.108400E+000, -8.167300E+000
 +2.064793E+002, +6.108600E+000, -8.055900E+000
 +2.074330E+002, +6.097900E+000, -7.886600E+000
 +2.083911E+002, +6.094100E+000, -7.639000E+000
 +2.093537E+002, +6.093900E+000, -7.371400E+000
 +2.103207E+002, +6.103600E+000, -7.118700E+000
 +2.112921E+002, +6.114700E+000, -6.968600E+000
 +2.122680E+002, +6.122200E+000, -6.932600E+000
 +2.132485E+002, +6.109100E+000, -6.900400E+000
 +2.142334E+002, +6.087900E+000, -6.726600E+000
 +2.152230E+002, +6.070300E+000, -6.434400E+000
 +2.162170E+002, +6.068700E+000, -6.075800E+000
 +2.172157E+002, +6.069700E+000, -5.761500E+000
 +2.182190E+002, +6.077900E+000, -5.489100E+000
 +2.192269E+002, +6.081000E+000, -5.271800E+000
 +2.202395E+002, +6.087800E+000, -5.042400E+000
 +2.212568E+002, +6.090100E+000, -4.813600E+000
 +2.222787E+002, +6.096800E+000, -4.617600E+000
 +2.233054E+002, +6.097000E+000, -4.420500E+000
 +2.243368E+002, +6.099200E+000, -4.213300E+000
 +2.253730E+002, +6.100000E+000, -3.972200E+000
 +2.264140E+002, +6.110100E+000, -3.733500E+000
 +2.274598E+002, +6.124700E+000, -3.576800E+000
 +2.285104E+002, +6.133400E+000, -3.531300E+000
 +2.295658E+002, +6.125200E+000, -3.513500E+000
 +2.306262E+002, +6.106700E+000, -3.401100E+000
 +2.316914E+002, +6.086500E+000, -3.178200E+000
 +2.327616E+002, +6.070100E+000, -2.879400E+000
 +2.338367E+002, +6.056700E+000, -2.571000E+000
 +2.349167E+002, +6.047600E+000, -2.179000E+000
 +2.360018E+002, +6.044500E+000, -1.796900E+000
 +2.370918E+002, +6.040300E+000, -1.384600E+000
 +2.381869E+002, +6.046200E+000, -9.746980E-001
 +2.392871E+002, +6.053300E+000, -5.814700E-001
 +2.403923E+002, +6.058200E+000, -2.421870E-001
 +2.415027E+002, +6.056600E+000, +1.527500E-001
 +2.426181E+002, +6.060800E+000, +6.350170E-001
 +2.437388E+002, +6.067800E+000, +1.147900E+000
 +2.448646E+002, +6.080600E+000, +1.704800E+000
 +2.459956E+002, +6.098300E+000, +2.301500E+000
 +2.471318E+002, +6.123000E+000, +3.005200E+000
 +2.482733E+002, +6.169000E+000, +3.747700E+000
 +2.494200E+002, +6.229500E+000, +4.487200E+000
 +2.505720E+002, +6.309700E+000, +5.252800E+000
 +2.517294E+002, +6.414300E+000, +6.044600E+000
 +2.528921E+002, +6.580200E+000, +6.888500E+000
 +2.540602E+002, +6.852200E+000, +7.280600E+000
 +2.552337E+002, +7.187800E+000, +6.251200E+000
 +2.564126E+002, +7.454400E+000, +3.619900E+000
 +2.575969E+002, +7.452000E+000, +1.053080E-001
 +2.587867E+002, +7.220100E+000, -2.263500E+000
 +2.599820E+002, +6.924800E+000, -3.057200E+000
 +2.611828E+002, +6.718800E+000, -2.443700E+000
 +2.623892E+002, +6.641400E+000, -1.505400E+000
 +2.636011E+002, +6.645800E+000, -9.357580E-001
 +2.648187E+002, +6.672400E+000, -1.008800E+000
 +2.660419E+002, +6.622400E+000, -1.512400E+000
 +2.672707E+002, +6.514500E+000, -1.405300E+000
 +2.685052E+002, +6.445300E+000, -8.115480E-001
 +2.697454E+002, +6.430200E+000, -2.425050E-001
 +2.709913E+002, +6.393800E+000, +1.252850E-001
 +2.722429E+002, +6.362400E+000, +9.596760E-001
 +2.735004E+002, +6.395700E+000, +1.861000E+000
 +2.747637E+002, +6.473900E+000, +2.346000E+000
 +2.760328E+002, +6.544000E+000, +2.164300E+000
 +2.773077E+002, +6.525600E+000, +1.920400E+000
 +2.785886E+002, +6.508600E+000, +2.354100E+000
 +2.798753E+002, +6.551400E+000, +2.862800E+000
 +2.811681E+002, +6.607000E+000, +3.024600E+000
 +2.824667E+002, +6.675000E+000, +2.958800E+000
 +2.837714E+002, +6.711700E+000, +2.556600E+000
 +2.850821E+002, +6.716500E+000, +2.249400E+000
 +2.863989E+002, +6.716800E+000, +2.096400E+000
 +2.877217E+002, +6.726800E+000, +1.915400E+000
 +2.890507E+002, +6.723500E+000, +1.469800E+000
 +2.903858E+002, +6.677800E+000, +1.233600E+000
 +2.917270E+002, +6.636600E+000, +1.221600E+000
 +2.930745E+002, +6.611900E+000, +1.286300E+000
 +2.944281E+002, +6.584500E+000, +1.304800E+000
 +2.957881E+002, +6.545300E+000, +1.295000E+000
 +2.971543E+002, +6.491300E+000, +1.473600E+000
 +2.985268E+002, +6.463700E+000, +1.924100E+000
 +2.999057E+002, +6.456100E+000, +2.208700E+000
 +3.012909E+002, +6.437700E+000, +2.464800E+000
 +3.026825E+002, +6.418100E+000, +2.853700E+000
 +3.040806E+002, +6.415400E+000, +3.293500E+000
 +3.054851E+002, +6.425500E+000, +3.724100E+000
 +3.068961E+002, +6.448800E+000, +4.040300E+000
 +3.083136E+002, +6.469700E+000, +4.239800E+000
 +3.097376E+002, +6.482200E+000, +4.333300E+000
 +3.111683E+002, +6.485400E+000, +4.551500E+000
 +3.126055E+002, +6.500700E+000, +4.797500E+000
 +3.140494E+002, +6.527500E+000, +4.911100E+000
 +3.155000E+002, +6.536300E+000, +4.917000E+000
 +3.169572E+002, +6.542200E+000, +5.049200E+000
 +3.184212E+002, +6.557400E+000, +5.100000E+000
 +3.198920E+002, +6.556900E+000, +5.091600E+000
 +3.213695E+002, +6.551300E+000, +5.183900E+000
 +3.228539E+002, +6.554100E+000, +5.287100E+000
 +3.243451E+002, +6.556000E+000, +5.344800E+000
 +3.258432E+002, +6.549200E+000, +5.392600E+000
 +3.273482E+002, +6.536400E+000, +5.484300E+000
 +3.288602E+002, +6.525400E+000, +5.572200E+000
 +3.303792E+002, +6.499400E+000, +5.667300E+000
 +3.319052E+002, +6.463900E+000, +6.022900E+000
 +3.334382E+002, +6.453900E+000, +6.565000E+000
 +3.349783E+002, +6.465500E+000, +7.005800E+000
 +3.365255E+002, +6.474600E+000, +7.394200E+000
 +3.380799E+002, +6.489300E+000, +7.842100E+000
 +3.396414E+002, +6.525400E+000, +8.257500E+000
 +3.412102E+002, +6.561600E+000, +8.481500E+000
 +3.427862E+002, +6.575800E+000, +8.687500E+000
 +3.443695E+002, +6.608800E+000, +9.211500E+000
 +3.459601E+002, +6.689300E+000, +9.516100E+000
 +3.475581E+002, +6.761400E+000, +9.373800E+000
 +3.491634E+002, +6.798300E+000, +9.152700E+000
 +3.507761E+002, +6.828500E+000, +8.892300E+000
 +3.523963E+002, +6.828800E+000, +8.704000E+000
 +3.540240E+002, +6.831200E+000, +8.741800E+000
 +3.556592E+002, +6.852900E+000, +8.692200E+000
 +3.573019E+002, +6.867300E+000, +8.456200E+000
 +3.589523E+002, +6.826900E+000, +8.266300E+000
 +3.606102E+002, +6.784100E+000, +8.584100E+000
 +3.622758E+002, +6.788400E+000, +9.119500E+000
 +3.639491E+002, +6.828900E+000, +9.510000E+000
 +3.656302E+002, +6.883900E+000, +9.786100E+000
 +3.673190E+002, +6.960600E+000, +9.675900E+000
 +3.690156E+002, +6.978500E+000, +9.437900E+000
 +3.707200E+002, +7.019200E+000, +9.444700E+000
 +3.724323E+002, +7.071700E+000, +9.105000E+000
 +3.741525E+002, +7.087500E+000, +8.550800E+000
 +3.758807E+002, +7.082900E+000, +8.070400E+000
 +3.776169E+002, +7.025100E+000, +7.449500E+000
 +3.793610E+002, +6.926900E+000, +7.569500E+000
 +3.811132E+002, +6.899200E+000, +7.999300E+000
 +3.828736E+002, +6.889900E+000, +8.244700E+000
 +3.846420E+002, +6.883500E+000, +8.596900E+000
 +3.864186E+002, +6.914000E+000, +8.908600E+000
 +3.882034E+002, +6.961500E+000, +8.970800E+000
 +3.899965E+002, +7.002900E+000, +8.634800E+000
 +3.917978E+002, +6.995000E+000, +8.103700E+000
 +3.936075E+002, +6.938000E+000, +7.823700E+000
 +3.954255E+002, +6.880000E+000, +7.879800E+000
 +3.972520E+002, +6.837800E+000, +8.126900E+000
 +3.990868E+002, +6.818100E+000, +8.469400E+000
 +4.009301E+002, +6.826400E+000, +8.739000E+000
 +4.027820E+002, +6.833100E+000, +8.670400E+000
 +4.046424E+002, +6.799200E+000, +8.632800E+000
 +4.065114E+002, +6.758400E+000, +8.841000E+000
 +4.083890E+002, +6.738900E+000, +9.220200E+000
 +4.102753E+002, +6.737200E+000, +9.458400E+000
 +4.121703E+002, +6.724700E+000, +9.637900E+000
 +4.140741E+002, +6.710800E+000, +9.882900E+000
 +4.159866E+002, +6.697100E+000, +1.012140E+001
 +4.179080E+002, +6.678200E+000, +1.041690E+001
 +4.198383E+002, +6.663900E+000, +1.081740E+001
 +4.217775E+002, +6.662800E+000, +1.123650E+001
 +4.237256E+002, +6.669900E+000, +1.161530E+001
 +4.256828E+002, +6.678200E+000, +1.194870E+001
 +4.276489E+002, +6.680900E+000, +1.229020E+001
 +4.296242E+002, +6.688100E+000, +1.269080E+001
 +4.316086E+002, +6.702800E+000, +1.308770E+001
 +4.336021E+002, +6.723800E+000, +1.349970E+001
 +4.356049E+002, +6.751400E+000, +1.384230E+001
 +4.376169E+002, +6.782600E+000, +1.415910E+001
 +4.396382E+002, +6.808700E+000, +1.437930E+001
 +4.416688E+002, +6.824200E+000, +1.462260E+001
 +4.437088E+002, +6.840900E+000, +1.500380E+001
 +4.457583E+002, +6.870900E+000, +1.542500E+001
 +4.478172E+002, +6.909400E+000, +1.581690E+001
 +4.498856E+002, +6.951100E+000, +1.622330E+001
 +4.519635E+002, +7.002000E+000, +1.669560E+001
 +4.540511E+002, +7.079400E+000, +1.718810E+001
 +4.561483E+002, +7.180000E+000, +1.751250E+001
 +4.582552E+002, +7.290000E+000, +1.775900E+001
 +4.603718E+002, +7.429900E+000, +1.786050E+001
 +4.624982E+002, +7.593800E+000, +1.770790E+001
 +4.646345E+002, +7.798900E+000, +1.705400E+001
 +4.667805E+002, +7.979300E+000, +1.548940E+001
 +4.689365E+002, +8.024400E+000, +1.323290E+001
 +4.711025E+002, +7.873200E+000, +1.138800E+001
 +4.732785E+002, +7.692900E+000, +1.047540E+001
 +4.754645E+002, +7.524900E+000, +1.029510E+001
 +4.776606E+002, +7.391500E+000, +1.031530E+001
 +4.798668E+002, +7.286300E+000, +1.058660E+001
 +4.820833E+002, +7.182700E+000, +1.088510E+001
 +4.843100E+002, +7.097400E+000, +1.164080E+001
 +4.865469E+002, +7.085400E+000, +1.239790E+001
 +4.887942E+002, +7.059100E+000, +1.280340E+001
 +4.910519E+002, +7.037500E+000, +1.352980E+001
 +4.933200E+002, +7.051800E+000, +1.433280E+001
 +4.955986E+002, +7.130500E+000, +1.493510E+001
 +4.978877E+002, +7.210800E+000, +1.485920E+001
 +5.001874E+002, +7.206500E+000, +1.431730E+001
 +5.024977E+002, +7.092900E+000, +1.460120E+001
 +5.048187E+002, +7.075700E+000, +1.563400E+001
 +5.071504E+002, +7.115700E+000, +1.645390E+001
 +5.094928E+002, +7.169300E+000, +1.710530E+001
 +5.118461E+002, +7.237900E+000, +1.777500E+001
 +5.142103E+002, +7.338700E+000, +1.838030E+001
 +5.165854E+002, +7.467400E+000, +1.876550E+001
 +5.189714E+002, +7.603100E+000, +1.894820E+001
 +5.213685E+002, +7.763700E+000, +1.898370E+001
 +5.237766E+002, +7.954600E+000, +1.871800E+001
 +5.261959E+002, +8.162300E+000, +1.798410E+001
 +5.286263E+002, +8.394500E+000, +1.647810E+001
 +5.310680E+002, +8.445300E+000, +1.388700E+001
 +5.335209E+002, +8.352500E+000, +1.194930E+001
 +5.359852E+002, +8.174000E+000, +1.029460E+001
 +5.384608E+002, +7.921700E+000, +9.408800E+000
 +5.409479E+002, +7.700800E+000, +9.387200E+000
 +5.434465E+002, +7.539800E+000, +9.735000E+000
 +5.459566E+002, +7.416700E+000, +1.032940E+001
 +5.484783E+002, +7.339500E+000, +1.098880E+001
 +5.510116E+002, +7.301200E+000, +1.167260E+001
 +5.535567E+002, +7.293700E+000, +1.221460E+001
 +5.561135E+002, +7.286300E+000, +1.243210E+001
 +5.586821E+002, +7.271000E+000, +1.269820E+001
 +5.612626E+002, +7.232600E+000, +1.286540E+001
 +5.638550E+002, +7.211400E+000, +1.333160E+001
 +5.664594E+002, +7.195100E+000, +1.369340E+001
 +5.690758E+002, +7.186400E+000, +1.418710E+001
 +5.717043E+002, +7.206000E+000, +1.460180E+001
 +5.743449E+002, +7.230600E+000, +1.482140E+001
 +5.769977E+002, +7.226000E+000, +1.496540E+001
 +5.796628E+002, +7.233500E+000, +1.541330E+001
 +5.823402E+002, +7.269100E+000, +1.560670E+001
 +5.850300E+002, +7.285500E+000, +1.568130E+001
 +5.877322E+002, +7.292900E+000, +1.573460E+001
 +5.904468E+002, +7.291900E+000, +1.593730E+001
 +5.931740E+002, +7.319500E+000, +1.612260E+001
 +5.959138E+002, +7.344500E+000, +1.606460E+001
 +5.986663E+002, +7.331400E+000, +1.601090E+001
 +6.014314E+002, +7.314600E+000, +1.620850E+001
 +6.042094E+002, +7.315400E+000, +1.640720E+001
 +6.070001E+002, +7.328500E+000, +1.660560E+001
 +6.098038E+002, +7.347500E+000, +1.668590E+001
 +6.126204E+002, +7.348100E+000, +1.672060E+001
 +6.154500E+002, +7.346400E+000, +1.683960E+001
 +6.182927E+002, +7.350500E+000, +1.693310E+001
 +6.211485E+002, +7.354100E+000, +1.697990E+001
 +6.240175E+002, +7.341700E+000, +1.711920E+001
 +6.268998E+002, +7.340400E+000, +1.733240E+001
 +6.297954E+002, +7.348300E+000, +1.748520E+001
 +6.327043E+002, +7.357700E+000, +1.760100E+001
 +6.356267E+002, +7.357000E+000, +1.765720E+001
 +6.385626E+002, +7.348500E+000, +1.779800E+001
 +6.415120E+002, +7.344400E+000, +1.798570E+001
 +6.444751E+002, +7.344900E+000, +1.824990E+001
 +6.474518E+002, +7.366900E+000, +1.841880E+001
 +6.504423E+002, +7.364500E+000, +1.845580E+001
 +6.534467E+002, +7.352000E+000, +1.868720E+001
 +6.564648E+002, +7.362500E+000, +1.901000E+001
 +6.594970E+002, +7.390000E+000, +1.924140E+001
 +6.625431E+002, +7.405800E+000, +1.924650E+001
 +6.656033E+002, +7.411200E+000, +1.937630E+001
 +6.686777E+002, +7.405200E+000, +1.956190E+001
 +6.717662E+002, +7.423200E+000, +1.980870E+001
 +6.748690E+002, +7.445900E+000, +1.998430E+001
 +6.779861E+002, +7.467800E+000, +2.003270E+001
 +6.811177E+002, +7.472800E+000, +2.010510E+001
 +6.842637E+002, +7.478800E+000, +2.027620E+001
 +6.874242E+002, +7.497200E+000, +2.041380E+001
 +6.905993E+002, +7.511900E+000, +2.047580E+001
 +6.937891E+002, +7.524300E+000, +2.055350E+001
 +6.969936E+002, +7.525500E+000, +2.058960E+001
 +7.002130E+002, +7.520200E+000, +2.076180E+001
 +7.034472E+002, +7.524600E+000, +2.090520E+001
 +7.066963E+002, +7.537800E+000, +2.117860E+001
 +7.099605E+002, +7.561800E+000, +2.126480E+001
 +7.132397E+002, +7.570600E+000, +2.136570E+001
 +7.165340E+002, +7.577400E+000, +2.152930E+001
 +7.198436E+002, +7.597100E+000, +2.169440E+001
 +7.231685E+002, +7.619700E+000, +2.178040E+001
 +7.265087E+002, +7.626500E+000, +2.189710E+001
 +7.298644E+002, +7.658400E+000, +2.186820E+001
 +7.332355E+002, +7.646700E+000, +2.189320E+001
 +7.366222E+002, +7.644300E+000, +2.208390E+001
 +7.400246E+002, +7.663200E+000, +2.224740E+001
 +7.434427E+002, +7.672000E+000, +2.232100E+001
 +7.468766E+002, +7.671400E+000, +2.245980E+001
 +7.503263E+002, +7.691200E+000, +2.265420E+001
 +7.537920E+002, +7.705600E+000, +2.270040E+001
 +7.572736E+002, +7.704600E+000, +2.283800E+001
 +7.607714E+002, +7.720900E+000, +2.303400E+001
 +7.642853E+002, +7.740600E+000, +2.310990E+001
 +7.678154E+002, +7.765700E+000, +2.326370E+001
 +7.713619E+002, +7.764700E+000, +2.314300E+001
 +7.749247E+002, +7.759300E+000, +2.341460E+001
 +7.785040E+002, +7.782100E+000, +2.349180E+001
 +7.820998E+002, +7.765200E+000, +2.357580E+001
 +7.857122E+002, +7.773400E+000, +2.393080E+001
 +7.893413E+002, +7.813300E+000, +2.413360E+001
 +7.929872E+002, +7.829000E+000, +2.415180E+001
 +7.966499E+002, +7.827900E+000, +2.422180E+001
 +8.003295E+002, +7.829900E+000, +2.451360E+001
 +8.040262E+002, +7.868100E+000, +2.477570E+001
 +8.077399E+002, +7.896400E+000, +2.477560E+001
 +8.114707E+002, +7.906200E+000, +2.490630E+001
 +8.152188E+002, +7.918900E+000, +2.504650E+001
 +8.189842E+002, +7.942500E+000, +2.522730E+001
 +8.227670E+002, +7.980800E+000, +2.537220E+001
 +8.265672E+002, +7.997500E+000, +2.539920E+001
 +8.303850E+002, +8.041200E+000, +2.547400E+001
 +8.342205E+002, +8.058900E+000, +2.535210E+001
 +8.380737E+002, +8.051000E+000, +2.545090E+001
 +8.419446E+002, +8.086500E+000, +2.546540E+001
 +8.458335E+002, +8.077800E+000, +2.541150E+001
 +8.497403E+002, +8.065100E+000, +2.556840E+001
 +8.536651E+002, +8.081100E+000, +2.583350E+001
 +8.576081E+002, +8.098000E+000, +2.586420E+001
 +8.615693E+002, +8.087700E+000, +2.602220E+001
 +8.655487E+002, +8.117000E+000, +2.627910E+001
 +8.695466E+002, +8.125300E+000, +2.638190E+001
 +8.735629E+002, +8.149300E+000, +2.665500E+001
 +8.775978E+002, +8.195500E+000, +2.684700E+001
 +8.816513E+002, +8.226700E+000, +2.680410E+001
 +8.857236E+002, +8.237400E+000, +2.686360E+001
 +8.898146E+002, +8.258100E+000, +2.700540E+001
 +8.939246E+002, +8.290700E+000, +2.708930E+001
 +8.980535E+002, +8.312800E+000, +2.720010E+001
 +9.022015E+002, +8.367600E+000, +2.723060E+001
 +9.063686E+002, +8.401000E+000, +2.691660E+001
 +9.105550E+002, +8.376800E+000, +2.674690E+001
 +9.147608E+002, +8.332100E+000, +2.692350E+001
 +9.189860E+002, +8.348800E+000, +2.733890E+001
 +9.232306E+002, +8.407600E+000, +2.757920E+001
 +9.274949E+002, +8.457500E+000, +2.732320E+001
 +9.317789E+002, +8.428300E+000, +2.712260E+001
 +9.360827E+002, +8.415700E+000, +2.734240E+001
 +9.404063E+002, +8.412600E+000, +2.756430E+001
 +9.447500E+002, +8.447800E+000, +2.779190E+001
 +9.491136E+002, +8.467600E+000, +2.784420E+001
 +9.534975E+002, +8.493200E+000, +2.798800E+001
 +9.579016E+002, +8.533900E+000, +2.799020E+001
 +9.623260E+002, +8.533900E+000, +2.768550E+001
 +9.667709E+002, +8.475900E+000, +2.770350E+001
 +9.712363E+002, +8.461500E+000, +2.813700E+001
 +9.757223E+002, +8.477500E+000, +2.844390E+001
 +9.802290E+002, +8.495200E+000, +2.871860E+001
 +9.847566E+002, +8.527100E+000, +2.896540E+001
 +9.893050E+002, +8.545800E+000, +2.910650E+001
 +9.938745E+002, +8.572000E+000, +2.937340E+001
 +9.984651E+002, +8.603200E+000, +2.952380E+001
 +1.003100E+003, +8.626600E+000, +2.972370E+001
 +1.007700E+003, +8.663900E+000, +2.995390E+001
 +1.012400E+003, +8.709600E+000, +3.013920E+001
 +1.017000E+003, +8.769400E+000, +3.020750E+001
 +1.021700E+003, +8.790100E+000, +3.004550E+001
 +1.026500E+003, +8.789500E+000, +3.026210E+001
 +1.031200E+003, +8.826300E+000, +3.050990E+001
 +1.036000E+003, +8.875400E+000, +3.071600E+001
 +1.040700E+003, +8.935400E+000, +3.079940E+001
 +1.045600E+003, +8.989900E+000, +3.073880E+001
 +1.050400E+003, +9.011900E+000, +3.070140E+001
 +1.055200E+003, +9.044700E+000, +3.079940E+001
 +1.060100E+003, +9.079700E+000, +3.087950E+001
 +1.065000E+003, +9.127200E+000, +3.098190E+001
 +1.069900E+003, +9.178500E+000, +3.102400E+001
 +1.074900E+003, +9.233900E+000, +3.102920E+001
 +1.079800E+003, +9.288500E+000, +3.101590E+001
 +1.084800E+003, +9.354000E+000, +3.096070E+001
 +1.089800E+003, +9.430800E+000, +3.075330E+001
 +1.094900E+003, +9.484800E+000, +3.029420E+001
 +1.099900E+003, +9.477900E+000, +2.996000E+001
 +1.105000E+003, +9.474800E+000, +2.979610E+001
 +1.110100E+003, +9.491400E+000, +2.973710E+001
 +1.115200E+003, +9.513500E+000, +2.950900E+001
 +1.120400E+003, +9.509300E+000, +2.928460E+001
 +1.125600E+003, +9.508900E+000, +2.913290E+001
 +1.130800E+003, +9.498000E+000, +2.899620E+001
 +1.136000E+003, +9.496500E+000, +2.895580E+001
 +1.141200E+003, +9.500400E+000, +2.877140E+001
 +1.146500E+003, +9.474600E+000, +2.876490E+001
 +1.151800E+003, +9.450000E+000, +2.873940E+001
 +1.157100E+003, +9.438400E+000, +2.876130E+001
 +1.162500E+003, +9.428400E+000, +2.891600E+001
 +1.167800E+003, +9.448900E+000, +2.897840E+001
 +1.173200E+003, +9.435900E+000, +2.894390E+001
 +1.178600E+003, +9.426700E+000, +2.893420E+001
 +1.184100E+003, +9.413900E+000, +2.909750E+001
 +1.189600E+003, +9.423600E+000, +2.934960E+001
 +1.195000E+003, +9.467500E+000, +2.938020E+001
 +1.200600E+003, +9.502400E+000, +2.920250E+001
 +1.206100E+003, +9.479500E+000, +2.895340E+001
 +1.211700E+003, +9.429700E+000, +2.881920E+001
 +1.217300E+003, +9.355600E+000, +2.913920E+001
 +1.222900E+003, +9.352900E+000, +2.964920E+001
 +1.228600E+003, +9.415600E+000, +3.008310E+001
 +1.234200E+003, +9.492800E+000, +2.977620E+001
 +1.239900E+003, +9.419200E+000, +2.957760E+001
 +1.245700E+003, +9.387600E+000, +2.997240E+001
 +1.251400E+003, +9.407700E+000, +3.026420E+001
 +1.257200E+003, +9.449900E+000, +3.042780E+001
 +1.263000E+003, +9.457000E+000, +3.058400E+001
 +1.268800E+003, +9.480600E+000, +3.076950E+001
 +1.274700E+003, +9.531800E+000, +3.070720E+001
 +1.280600E+003, +9.511400E+000, +3.046330E+001
 +1.286500E+003, +9.450100E+000, +3.063930E+001
 +1.292400E+003, +9.454400E+000, +3.110860E+001
 +1.298400E+003, +9.475700E+000, +3.146370E+001
 +1.304400E+003, +9.515900E+000, +3.171940E+001
 +1.310400E+003, +9.565100E+000, +3.187740E+001
 +1.316500E+003, +9.589300E+000, +3.203960E+001
 +1.322600E+003, +9.630800E+000, +3.222630E+001
 +1.328700E+003, +9.687000E+000, +3.246710E+001
 +1.334800E+003, +9.798000E+000, +3.261260E+001
 +1.341000E+003, +9.966200E+000, +3.194330E+001
 +1.347200E+003, +9.840100E+000, +3.092370E+001
 +1.353400E+003, +9.787400E+000, +3.092790E+001
 +1.359600E+003, +9.669800E+000, +3.090340E+001
 +1.365900E+003, +9.606200E+000, +3.153240E+001
 +1.372200E+003, +9.627800E+000, +3.215040E+001
 +1.378600E+003, +9.668900E+000, +3.247770E+001
 +1.384900E+003, +9.701600E+000, +3.277780E+001
 +1.391300E+003, +9.760800E+000, +3.308480E+001
 +1.397800E+003, +9.847100E+000, +3.308520E+001
 +1.404200E+003, +9.870200E+000, +3.282820E+001
 +1.410700E+003, +9.863100E+000, +3.298650E+001
 +1.417200E+003, +9.922500E+000, +3.293110E+001
 +1.423800E+003, +9.888100E+000, +3.282790E+001
 +1.430300E+003, +9.904900E+000, +3.318690E+001
 +1.436900E+003, +9.953600E+000, +3.312740E+001
 +1.443600E+003, +9.930700E+000, +3.306670E+001
 +1.450200E+003, +9.932100E+000, +3.326230E+001
 +1.456900E+003, +9.940100E+000, +3.346370E+001
 +1.463700E+003, +9.959600E+000, +3.363840E+001
 +1.470400E+003, +9.978700E+000, +3.375220E+001
 +1.477200E+003, +1.000530E+001, +3.395680E+001
 +1.484000E+003, +1.002570E+001, +3.406140E+001
 +1.490900E+003, +1.005730E+001, +3.421850E+001
 +1.497800E+003, +1.007890E+001, +3.437070E+001
 +1.504700E+003, +1.012690E+001, +3.452290E+001
 +1.511700E+003, +1.017120E+001, +3.453980E+001
 +1.518600E+003, +1.019710E+001, +3.448610E+001
 +1.525700E+003, +1.020470E+001, +3.454440E+001
 +1.532700E+003, +1.024370E+001, +3.459480E+001
 +1.539800E+003, +1.023890E+001, +3.458780E+001
 +1.546900E+003, +1.025520E+001, +3.476170E+001
 +1.554000E+003, +1.027060E+001, +3.483210E+001
 +1.561200E+003, +1.028480E+001, +3.498930E+001
 +1.568400E+003, +1.030070E+001, +3.518660E+001
 +1.575700E+003, +1.033750E+001, +3.538100E+001
 +1.582900E+003, +1.037420E+001, +3.551540E+001
 +1.590300E+003, +1.042540E+001, +3.571480E+001
 +1.597600E+003, +1.048910E+001, +3.579680E+001
 +1.605000E+003, +1.055350E+001, +3.573620E+001
 +1.612400E+003, +1.058410E+001, +3.558220E+001
 +1.619800E+003, +1.062070E+001, +3.549690E+001
 +1.627300E+003, +1.062710E+001, +3.533410E+001
 +1.634800E+003, +1.062600E+001, +3.535130E+001
 +1.642400E+003, +1.063430E+001, +3.547970E+001
 +1.650000E+003, +1.066700E+001, +3.541100E+001
 +1.657600E+003, +1.065180E+001, +3.541490E+001
 +1.665300E+003, +1.066480E+001, +3.562300E+001
 +1.672900E+003, +1.070020E+001, +3.569410E+001
 +1.680700E+003, +1.071160E+001, +3.564990E+001
 +1.688400E+003, +1.071610E+001, +3.567990E+001
 +1.696200E+003, +1.073720E+001, +3.579600E+001
 +1.704100E+003, +1.076860E+001, +3.586800E+001
 +1.711900E+003, +1.078010E+001, +3.584070E+001
 +1.719800E+003, +1.075520E+001, +3.591590E+001
 +1.727800E+003, +1.078550E+001, +3.612580E+001
 +1.735800E+003, +1.079240E+001, +3.620970E+001
 +1.743800E+003, +1.081640E+001, +3.645150E+001
 +1.751800E+003, +1.087280E+001, +3.655920E+001
 +1.759900E+003, +1.090450E+001, +3.661380E+001
 +1.768100E+003, +1.094060E+001, +3.651660E+001
 +1.776200E+003, +1.095370E+001, +3.650000E+001
 +1.784400E+003, +1.094930E+001, +3.651540E+001
 +1.792700E+003, +1.095840E+001, +3.658490E+001
 +1.801000E+003, +1.094160E+001, +3.663600E+001
 +1.809300E+003, +1.093240E+001, +3.695120E+001
 +1.817600E+003, +1.098570E+001, +3.723800E+001
 +1.826000E+003, +1.102270E+001, +3.732970E+001
 +1.834500E+003, +1.105950E+001, +3.743260E+001
 +1.842900E+003, +1.108780E+001, +3.748280E+001
 +1.851400E+003, +1.110900E+001, +3.756980E+001
 +1.860000E+003, +1.113160E+001, +3.765590E+001
 +1.868600E+003, +1.115810E+001, +3.780320E+001
 +1.877200E+003, +1.118860E+001, +3.784940E+001
 +1.885900E+003, +1.120640E+001, +3.794780E+001
 +1.894600E+003, +1.122810E+001, +3.806240E+001
 +1.903400E+003, +1.125530E+001, +3.819710E+001
 +1.912100E+003, +1.129320E+001, +3.830260E+001
 +1.921000E+003, +1.130990E+001, +3.839840E+001
 +1.929900E+003, +1.133930E+001, +3.859900E+001
 +1.938800E+003, +1.139300E+001, +3.874270E+001
 +1.947700E+003, +1.143280E+001, +3.877910E+001
 +1.956700E+003, +1.146730E+001, +3.884940E+001
 +1.965800E+003, +1.148690E+001, +3.887500E+001
 +1.974800E+003, +1.150980E+001, +3.896290E+001
 +1.984000E+003, +1.154590E+001, +3.900730E+001
 +1.993100E+003, +1.156970E+001, +3.916680E+001
 +2.002300E+003, +1.159850E+001, +3.930840E+001
 +2.011600E+003, +1.163390E+001, +3.937570E+001
 +2.020900E+003, +1.167220E+001, +3.949860E+001
 +2.030200E+003, +1.170320E+001, +3.963270E+001
 +2.039600E+003, +1.175920E+001, +3.974870E+001
 +2.049000E+003, +1.181560E+001, +3.980680E+001
 +2.058500E+003, +1.185530E+001, +3.975000E+001
 +2.068000E+003, +1.187110E+001, +3.979660E+001
 +2.077500E+003, +1.190020E+001, +3.986080E+001
 +2.087100E+003, +1.193470E+001, +3.991510E+001
 +2.096800E+003, +1.195780E+001, +4.003630E+001
 +2.106400E+003, +1.199060E+001, +4.018050E+001
 +2.116200E+003, +1.204110E+001, +4.028990E+001
 +2.125900E+003, +1.208970E+001, +4.030430E+001
 +2.135800E+003, +1.211700E+001, +4.031330E+001
 +2.145600E+003, +1.215010E+001, +4.040870E+001
 +2.155500E+003, +1.218750E+001, +4.049190E+001
 +2.165500E+003, +1.220510E+001, +4.056910E+001
 +2.175500E+003, +1.224270E+001, +4.075510E+001
 +2.185500E+003, +1.230420E+001, +4.085480E+001
 +2.195600E+003, +1.233270E+001, +4.081380E+001
 +2.205800E+003, +1.236790E+001, +4.106290E+001
 +2.216000E+003, +1.243060E+001, +4.112260E+001
 +2.226200E+003, +1.247950E+001, +4.123860E+001
 +2.236500E+003, +1.252970E+001, +4.129630E+001
 +2.246800E+003, +1.258210E+001, +4.146480E+001
 +2.257200E+003, +1.263600E+001, +4.153520E+001
 +2.267600E+003, +1.268800E+001, +4.154870E+001
 +2.278100E+003, +1.274530E+001, +4.166670E+001
 +2.288600E+003, +1.281780E+001, +4.178370E+001
 +2.299200E+003, +1.287180E+001, +4.183110E+001
 +2.309800E+003, +1.295790E+001, +4.189910E+001
 +2.320500E+003, +1.301390E+001, +4.196720E+001
 +2.331200E+003, +1.310730E+001, +4.200670E+001
 +2.342000E+003, +1.316980E+001, +4.207510E+001
 +2.352800E+003, +1.327470E+001, +4.211050E+001
 +2.363600E+003, +1.338670E+001, +4.206850E+001
 +2.374600E+003, +1.350720E+001, +4.191830E+001
 +2.385500E+003, +1.360860E+001, +4.160130E+001
 +2.396500E+003, +1.364400E+001, +4.147370E+001
 +2.407600E+003, +1.374780E+001, +4.121420E+001
 +2.418700E+003, +1.379720E+001, +4.114400E+001
 +2.429900E+003, +1.394010E+001, +4.083660E+001
 +2.441100E+003, +1.402650E+001, +4.035180E+001
 +2.452400E+003, +1.407530E+001, +3.973590E+001
 +2.463700E+003, +1.404380E+001, +3.919570E+001
 +2.475100E+003, +1.401140E+001, +3.905930E+001
 +2.486500E+003, +1.404370E+001, +3.858810E+001
 +2.498000E+003, +1.399330E+001, +3.848410E+001
 +2.509600E+003, +1.390850E+001, +3.793890E+001
 +2.521200E+003, +1.384660E+001, +3.879530E+001
 +2.532800E+003, +1.407700E+001, +3.847270E+001
 +2.544500E+003, +1.413390E+001, +3.755910E+001
 +2.556300E+003, +1.399830E+001, +3.682220E+001
 +2.568100E+003, +1.382110E+001, +3.681110E+001
 +2.579900E+003, +1.378470E+001, +3.651870E+001
 +2.591800E+003, +1.363830E+001, +3.624960E+001
 +2.603800E+003, +1.334040E+001, +3.675260E+001
 +2.615800E+003, +1.341850E+001, +3.790880E+001
 +2.627900E+003, +1.348020E+001, +3.788250E+001
 +2.640100E+003, +1.354430E+001, +3.815530E+001
 +2.652300E+003, +1.347500E+001, +3.756740E+001
 +2.664500E+003, +1.336550E+001, +3.811710E+001
 +2.676800E+003, +1.335440E+001, +3.862570E+001
 +2.689200E+003, +1.338760E+001, +3.905580E+001
 +2.701600E+003, +1.342860E+001, +3.952420E+001
 +2.714100E+003, +1.354430E+001, +3.968690E+001
 +2.726600E+003, +1.358610E+001, +3.962510E+001
 +2.739200E+003, +1.359360E+001, +3.987100E+001
 +2.751900E+003, +1.365290E+001, +4.006290E+001
 +2.764600E+003, +1.375220E+001, +4.014140E+001
 +2.777300E+003, +1.379040E+001, +4.005120E+001
 +2.790200E+003, +1.382380E+001, +3.999740E+001
 +2.803100E+003, +1.386410E+001, +4.004810E+001
 +2.816000E+003, +1.390330E+001, +4.006750E+001
 +2.829000E+003, +1.390900E+001, +4.005540E+001
 +2.842100E+003, +1.393110E+001, +4.007890E+001
 +2.855200E+003, +1.397720E+001, +4.022090E+001
 +2.868400E+003, +1.401230E+001, +4.013200E+001
 +2.881600E+003, +1.402900E+001, +4.020640E+001
 +2.895000E+003, +1.405830E+001, +4.027660E+001
 +2.908300E+003, +1.413930E+001, +4.036810E+001
 +2.921800E+003, +1.419210E+001, +4.001240E+001
 +2.935300E+003, +1.419650E+001, +3.994430E+001
 +2.948800E+003, +1.417990E+001, +3.970810E+001
 +2.962400E+003, +1.411590E+001, +3.958800E+001
 +2.976100E+003, +1.407250E+001, +3.991490E+001
 +2.989900E+003, +1.412540E+001, +4.001070E+001
 +3.003700E+003, +1.410440E+001, +3.981580E+001
 +3.017500E+003, +1.401610E+001, +4.005900E+001
 +3.031500E+003, +1.403540E+001, +4.047750E+001
 +3.045500E+003, +1.408600E+001, +4.076170E+001
 +3.059500E+003, +1.415850E+001, +4.089590E+001
 +3.073700E+003, +1.415050E+001, +4.099240E+001
 +3.087900E+003, +1.417420E+001, +4.092620E+001
 +3.102100E+003, +1.419460E+001, +4.115370E+001
 +3.116500E+003, +1.421270E+001, +4.126330E+001
 +3.130900E+003, +1.422870E+001, +4.140420E+001
 +3.145300E+003, +1.426790E+001, +4.154160E+001
 +3.159800E+003, +1.427960E+001, +4.166980E+001
 +3.174400E+003, +1.431030E+001, +4.185120E+001
 +3.189100E+003, +1.432980E+001, +4.196130E+001
 +3.203800E+003, +1.436200E+001, +4.217190E+001
 +3.218600E+003, +1.440400E+001, +4.234830E+001
 +3.233500E+003, +1.444850E+001, +4.246360E+001
 +3.248400E+003, +1.447730E+001, +4.260160E+001
 +3.263400E+003, +1.453150E+001, +4.277610E+001
 +3.278500E+003, +1.458170E+001, +4.285530E+001
 +3.293700E+003, +1.461810E+001, +4.298790E+001
 +3.308900E+003, +1.467470E+001, +4.313700E+001
 +3.324200E+003, +1.473260E+001, +4.324040E+001
 +3.339500E+003, +1.479040E+001, +4.333980E+001
 +3.354900E+003, +1.484000E+001, +4.348660E+001
 +3.370400E+003, +1.489330E+001, +4.354130E+001
 +3.386000E+003, +1.495910E+001, +4.355590E+001
 +3.401600E+003, +1.500810E+001, +4.366160E+001
 +3.417300E+003, +1.505690E+001, +4.368330E+001
 +3.433100E+003, +1.511860E+001, +4.379360E+001
 +3.449000E+003, +1.518900E+001, +4.379540E+001
 +3.464900E+003, +1.523610E+001, +4.387390E+001
 +3.480900E+003, +1.531940E+001, +4.384180E+001
 +3.497000E+003, +1.536800E+001, +4.376270E+001
 +3.513200E+003, +1.543630E+001, +4.374150E+001
 +3.529400E+003, +1.547520E+001, +4.356350E+001
 +3.545700E+003, +1.549330E+001, +4.346520E+001
 +3.562100E+003, +1.549140E+001, +4.339240E+001
 +3.578500E+003, +1.551660E+001, +4.345130E+001
 +3.595000E+003, +1.552640E+001, +4.337850E+001
 +3.611600E+003, +1.552400E+001, +4.336500E+001
 +3.628300E+003, +1.552790E+001, +4.342800E+001
 +3.645100E+003, +1.551580E+001, +4.362400E+001
 +3.661900E+003, +1.552730E+001, +4.380780E+001
 +3.678800E+003, +1.557810E+001, +4.400950E+001
 +3.695800E+003, +1.563490E+001, +4.405940E+001
 +3.712900E+003, +1.567430E+001, +4.412720E+001
 +3.730000E+003, +1.568430E+001, +4.424120E+001
 +3.747300E+003, +1.572960E+001, +4.439400E+001
 +3.764600E+003, +1.577800E+001, +4.448880E+001
 +3.782000E+003, +1.581820E+001, +4.458190E+001
 +3.799400E+003, +1.586360E+001, +4.468280E+001
 +3.817000E+003, +1.591110E+001, +4.480430E+001
 +3.834600E+003, +1.595760E+001, +4.489060E+001
 +3.852300E+003, +1.601200E+001, +4.498420E+001
 +3.870100E+003, +1.606130E+001, +4.504160E+001
 +3.888000E+003, +1.611500E+001, +4.504680E+001
 +3.906000E+003, +1.617530E+001, +4.511940E+001
 +3.924000E+003, +1.622500E+001, +4.521860E+001
 +3.942100E+003, +1.626060E+001, +4.524780E+001
 +3.960300E+003, +1.632530E+001, +4.529670E+001
 +3.978600E+003, +1.636180E+001, +4.537290E+001
 +3.997000E+003, +1.643020E+001, +4.540410E+001
 +4.015500E+003, +1.646480E+001, +4.543500E+001
 +4.034000E+003, +1.652310E+001, +4.553290E+001
 +4.052600E+003, +1.658690E+001, +4.555160E+001
 +4.071400E+003, +1.663900E+001, +4.556860E+001
 +4.090200E+003, +1.669820E+001, +4.552310E+001
 +4.109100E+003, +1.673030E+001, +4.555110E+001
 +4.128000E+003, +1.678790E+001, +4.559980E+001
 +4.147100E+003, +1.683410E+001, +4.556330E+001
 +4.166300E+003, +1.687190E+001, +4.562350E+001
 +4.185500E+003, +1.690010E+001, +4.561750E+001
 +4.204800E+003, +1.694510E+001, +4.556710E+001
 +4.224300E+003, +1.697080E+001, +4.561580E+001
 +4.243800E+003, +1.698330E+001, +4.566120E+001
 +4.263400E+003, +1.703060E+001, +4.577540E+001
 +4.283100E+003, +1.706810E+001, +4.577250E+001
 +4.302800E+003, +1.709400E+001, +4.586010E+001
 +4.322700E+003, +1.713460E+001, +4.596550E+001
 +4.342700E+003, +1.718340E+001, +4.602360E+001
 +4.362700E+003, +1.721250E+001, +4.607530E+001
 +4.382900E+003, +1.726500E+001, +4.618710E+001
 +4.403100E+003, +1.731340E+001, +4.628350E+001
 +4.423500E+003, +1.737040E+001, +4.636650E+001
 +4.443900E+003, +1.742060E+001, +4.647650E+001
 +4.464400E+003, +1.745640E+001, +4.653750E+001
 +4.485100E+003, +1.752090E+001, +4.657920E+001
 +4.505800E+003, +1.758400E+001, +4.669770E+001
 +4.526600E+003, +1.762990E+001, +4.670410E+001
 +4.547500E+003, +1.769750E+001, +4.683400E+001
 +4.568500E+003, +1.776400E+001, +4.681600E+001
 +4.589600E+003, +1.780660E+001, +4.686790E+001
 +4.610800E+003, +1.786660E+001, +4.695550E+001
 +4.632100E+003, +1.793530E+001, +4.700280E+001
 +4.653500E+003, +1.800790E+001, +4.705190E+001
 +4.675000E+003, +1.806950E+001, +4.703590E+001
 +4.696600E+003, +1.811610E+001, +4.705870E+001
 +4.718300E+003, +1.817610E+001, +4.703110E+001
 +4.740100E+003, +1.824790E+001, +4.700070E+001
 +4.762000E+003, +1.829650E+001, +4.706040E+001
 +4.783900E+003, +1.833900E+001, +4.702390E+001
 +4.806000E+003, +1.840880E+001, +4.706360E+001
 +4.828200E+003, +1.845600E+001, +4.700130E+001
 +4.850500E+003, +1.849330E+001, +4.703170E+001
 +4.872900E+003, +1.854850E+001, +4.705150E+001
 +4.895500E+003, +1.859650E+001, +4.705450E+001
 +4.918100E+003, +1.864680E+001, +4.704450E+001
 +4.940800E+003, +1.869250E+001, +4.703980E+001
 +4.963600E+003, +1.872630E+001, +4.706390E+001
 +4.986500E+003, +1.876340E+001, +4.715170E+001
 +5.009600E+003, +1.879040E+001, +4.719860E+001
 +5.032700E+003, +1.885550E+001, +4.720500E+001
 +5.055900E+003, +1.891120E+001, +4.727390E+001
 +5.079300E+003, +1.895090E+001, +4.726270E+001
 +5.102800E+003, +1.900230E+001, +4.732420E+001
 +5.126300E+003, +1.906260E+001, +4.734480E+001
 +5.150000E+003, +1.909890E+001, +4.735470E+001
 +5.173800E+003, +1.914910E+001, +4.742230E+001
 +5.197700E+003, +1.919890E+001, +4.745760E+001
 +5.221700E+003, +1.925520E+001, +4.749230E+001
 +5.245800E+003, +1.931330E+001, +4.747160E+001
 +5.270000E+003, +1.937280E+001, +4.749400E+001
 +5.294400E+003, +1.942640E+001, +4.757280E+001
 +5.318800E+003, +1.946510E+001, +4.759100E+001
 +5.343400E+003, +1.954520E+001, +4.759260E+001
 +5.368100E+003, +1.957190E+001, +4.758800E+001
 +5.392900E+003, +1.963010E+001, +4.765030E+001
 +5.417800E+003, +1.968510E+001, +4.763890E+001
 +5.442800E+003, +1.973380E+001, +4.763980E+001
 +5.468000E+003, +1.977600E+001, +4.765490E+001
 +5.493200E+003, +1.983140E+001, +4.767130E+001
 +5.518600E+003, +1.988240E+001, +4.766890E+001
 +5.544100E+003, +1.993950E+001, +4.773930E+001
 +5.569700E+003, +1.997430E+001, +4.778250E+001
 +5.595400E+003, +2.001540E+001, +4.773440E+001
 +5.621300E+003, +2.007250E+001, +4.782130E+001
 +5.647200E+003, +2.010680E+001, +4.777820E+001
 +5.673300E+003, +2.014490E+001, +4.787330E+001
 +5.699500E+003, +2.020060E+001, +4.792300E+001
 +5.725800E+003, +2.025430E+001, +4.793600E+001
 +5.752300E+003, +2.029840E+001, +4.796860E+001
 +5.778800E+003, +2.034580E+001, +4.802860E+001
 +5.805500E+003, +2.038620E+001, +4.810380E+001
 +5.832400E+003, +2.041650E+001, +4.813520E+001
 +5.859300E+003, +2.048030E+001, +4.814650E+001
 +5.886400E+003, +2.052940E+001, +4.828580E+001
 +5.913500E+003, +2.059360E+001, +4.830020E+001
 +5.940900E+003, +2.065330E+001, +4.835390E+001
 +5.968300E+003, +2.071430E+001, +4.837970E+001
 +5.995900E+003, +2.076860E+001, +4.839900E+001
 +6.023600E+003, +2.081940E+001, +4.843250E+001
 +6.051400E+003, +2.087750E+001, +4.849280E+001
 +6.079300E+003, +2.092460E+001, +4.857580E+001
 +6.107400E+003, +2.096380E+001, +4.861590E+001
 +6.135600E+003, +2.103060E+001, +4.859830E+001
 +6.164000E+003, +2.109100E+001, +4.871790E+001
 +6.192400E+003, +2.114830E+001, +4.869000E+001
 +6.221000E+003, +2.119520E+001, +4.879380E+001
 +6.249800E+003, +2.126800E+001, +4.885840E+001
 +6.278600E+003, +2.133750E+001, +4.887960E+001
 +6.307600E+003, +2.139600E+001, +4.891820E+001
 +6.336800E+003, +2.145440E+001, +4.897490E+001
 +6.366000E+003, +2.149870E+001, +4.901020E+001
 +6.395400E+003, +2.155860E+001, +4.899220E+001
 +6.425000E+003, +2.164330E+001, +4.906530E+001
 +6.454700E+003, +2.167950E+001, +4.907640E+001
 +6.484500E+003, +2.175850E+001, +4.915440E+001
 +6.514400E+003, +2.182510E+001, +4.913890E+001
 +6.544500E+003, +2.187550E+001, +4.915640E+001
 +6.574700E+003, +2.193320E+001, +4.919010E+001
 +6.605100E+003, +2.200280E+001, +4.922040E+001
 +6.635600E+003, +2.207340E+001, +4.929390E+001
 +6.666300E+003, +2.212090E+001, +4.936150E+001
 +6.697100E+003, +2.217390E+001, +4.932990E+001
 +6.728000E+003, +2.225060E+001, +4.943250E+001
 +6.759100E+003, +2.231200E+001, +4.939810E+001
 +6.790300E+003, +2.235880E+001, +4.945610E+001
 +6.821600E+003, +2.242580E+001, +4.952900E+001
 +6.853200E+003, +2.249310E+001, +4.955920E+001
 +6.884800E+003, +2.255150E+001, +4.957690E+001
 +6.916600E+003, +2.261980E+001, +4.956640E+001
 +6.948600E+003, +2.270650E+001, +4.961320E+001
 +6.980700E+003, +2.274910E+001, +4.967630E+001
 +7.012900E+003, +2.283890E+001, +4.967580E+001
 +7.045300E+003, +2.288030E+001, +4.969150E+001
 +7.077800E+003, +2.294230E+001, +4.976300E+001
 +7.110500E+003, +2.301560E+001, +4.980480E+001
 +7.143400E+003, +2.308040E+001, +4.983160E+001
 +7.176400E+003, +2.314230E+001, +4.983320E+001
 +7.209500E+003, +2.321950E+001, +4.982300E+001
 +7.242800E+003, +2.329810E+001, +4.991510E+001
 +7.276300E+003, +2.334810E+001, +4.987900E+001
 +7.309900E+003, +2.341830E+001, +4.996800E+001
 +7.343600E+003, +2.350170E+001, +4.997370E+001
 +7.377500E+003, +2.356550E+001, +4.996940E+001
 +7.411600E+003, +2.363480E+001, +5.000180E+001
 +7.445900E+003, +2.370260E+001, +5.004640E+001
 +7.480200E+003, +2.374910E+001, +5.008460E+001
 +7.514800E+003, +2.381960E+001, +5.004450E+001
 +7.549500E+003, +2.389190E+001, +5.014640E+001
 +7.584400E+003, +2.396520E+001, +5.010170E+001
 +7.619400E+003, +2.401340E+001, +5.014170E+001
 +7.654600E+003, +2.407970E+001, +5.018540E+001
 +7.690000E+003, +2.414670E+001, +5.020060E+001
 +7.725500E+003, +2.421940E+001, +5.019420E+001
 +7.761200E+003, +2.431300E+001, +5.024310E+001
 +7.797000E+003, +2.435330E+001, +5.030970E+001
 +7.833000E+003, +2.444530E+001, +5.028790E+001
 +7.869200E+003, +2.448620E+001, +5.032200E+001
 +7.905500E+003, +2.455940E+001, +5.038330E+001
 +7.942100E+003, +2.463990E+001, +5.041700E+001
 +7.978700E+003, +2.470200E+001, +5.043160E+001
 +8.015600E+003, +2.477030E+001, +5.040830E+001
 +8.052600E+003, +2.487150E+001, +5.041900E+001
 +8.089800E+003, +2.491150E+001, +5.049010E+001
 +8.127200E+003, +2.501820E+001, +5.047860E+001
 +8.164700E+003, +2.506580E+001, +5.046300E+001
 +8.202400E+003, +2.512580E+001, +5.049530E+001
 +8.240300E+003, +2.519810E+001, +5.051330E+001
 +8.278400E+003, +2.528400E+001, +5.052650E+001
 +8.316600E+003, +2.536150E+001, +5.060650E+001
 +8.355000E+003, +2.539760E+001, +5.059310E+001
 +8.393600E+003, +2.549720E+001, +5.066500E+001
 +8.432400E+003, +2.556980E+001, +5.062540E+001
 +8.471300E+003, +2.562130E+001, +5.064290E+001
 +8.510500E+003, +2.569800E+001, +5.065830E+001
 +8.549800E+003, +2.578150E+001, +5.070600E+001
 +8.589300E+003, +2.584990E+001, +5.080100E+001
 +8.628900E+003, +2.590290E+001, +5.075750E+001
 +8.668800E+003, +2.599340E+001, +5.084510E+001
 +8.708800E+003, +2.608280E+001, +5.082290E+001
 +8.749100E+003, +2.614750E+001, +5.081950E+001
 +8.789500E+003, +2.622360E+001, +5.084950E+001
 +8.830100E+003, +2.630980E+001, +5.090890E+001
 +8.870900E+003, +2.635590E+001, +5.096860E+001
 +8.911800E+003, +2.644860E+001, +5.090940E+001
 +8.953000E+003, +2.649690E+001, +5.098590E+001
 +8.994300E+003, +2.659670E+001, +5.103170E+001
 +9.035900E+003, +2.668460E+001, +5.104310E+001
 +9.077600E+003, +2.675060E+001, +5.108210E+001
 +9.119500E+003, +2.680560E+001, +5.107990E+001
 +9.161700E+003, +2.690790E+001, +5.103650E+001
 +9.204000E+003, +2.696980E+001, +5.114030E+001
 +9.246500E+003, +2.707780E+001, +5.113310E+001
 +9.289200E+003, +2.715140E+001, +5.110910E+001
 +9.332100E+003, +2.722640E+001, +5.112300E+001
 +9.375200E+003, +2.731200E+001, +5.118680E+001
 +9.418500E+003, +2.736290E+001, +5.123680E+001
 +9.462000E+003, +2.745810E+001, +5.117930E+001
 +9.505700E+003, +2.751200E+001, +5.125670E+001
 +9.549600E+003, +2.761510E+001, +5.130750E+001
 +9.593700E+003, +2.770480E+001, +5.131510E+001
 +9.638100E+003, +2.777800E+001, +5.130900E+001
 +9.682600E+003, +2.783980E+001, +5.125090E+001
 +9.727300E+003, +2.795650E+001, +5.129750E+001
 +9.772200E+003, +2.799900E+001, +5.126100E+001
 +9.817400E+003, +2.807750E+001, +5.133870E+001
 +9.862700E+003, +2.815750E+001, +5.135560E+001
 +9.908300E+003, +2.822250E+001, +5.134830E+001
 +9.954000E+003, +2.831400E+001, +5.130350E+001
 +1.000000E+004, +2.841390E+001, +5.140750E+001
