* FRD data written by MATAA on 02-Mar-2019 14:13:25
* woofer impedance with 141mm rear port/round.
10.076375	6.277588	21.672025
10.153334	6.287252	21.814525
10.230880	6.298491	21.976441
10.309019	6.310245	22.139642
10.387754	6.322510	22.302487
10.467091	6.335150	22.464985
10.547034	6.348072	22.628269
10.627587	6.361253	22.794903
10.708756	6.374665	22.967259
10.790544	6.388402	23.145211
10.872957	6.402574	23.327617
10.956000	6.417051	23.512429
11.039676	6.431595	23.698102
11.123992	6.445986	23.885666
11.208952	6.460126	24.075417
11.294561	6.474185	24.264425
11.380823	6.488365	24.450956
11.467745	6.502789	24.636077
11.555330	6.517768	24.820633
11.643584	6.533836	25.005911
11.732512	6.551410	25.193997
11.822120	6.570525	25.386117
11.912412	6.590346	25.584528
12.003393	6.610004	25.789284
12.095069	6.629436	25.991237
12.187446	6.648580	26.187845
12.280528	6.667403	26.389441
12.374321	6.685517	26.606571
12.468830	6.703013	26.846842
12.564061	6.723050	27.102685
12.660019	6.747534	27.352512
12.756710	6.774649	27.574933
12.854140	6.800990	27.755614
12.952314	6.822325	27.902261
13.051238	6.838903	28.057215
13.150917	6.855856	28.248134
13.251357	6.877944	28.476704
13.352565	6.905400	28.744450
13.454546	6.935517	29.022893
13.557305	6.964673	29.286941
13.660850	6.990619	29.537221
13.765185	7.015132	29.763436
13.870317	7.040935	29.972225
13.976252	7.069278	30.193409
14.082996	7.100227	30.435687
14.190555	7.133096	30.688736
14.298936	7.167146	30.938939
14.408144	7.202790	31.179127
14.518187	7.240336	31.418264
14.629070	7.277672	31.662420
14.740800	7.313337	31.914044
14.853383	7.347820	32.167777
14.966826	7.382705	32.413769
15.081136	7.421622	32.660737
15.196319	7.465655	32.920368
15.312381	7.512639	33.192675
15.429330	7.560518	33.465237
15.547172	7.606492	33.739420
15.665914	7.650493	34.022230
15.785562	7.696164	34.304623
15.906125	7.744633	34.580985
16.027609	7.797692	34.838528
16.150020	7.854658	35.076779
16.273366	7.912246	35.323076
16.397654	7.973133	35.604126
16.522892	8.036967	35.915655
16.649086	8.101527	36.227465
16.776244	8.167049	36.520513
16.904373	8.233435	36.793063
17.033481	8.303417	37.045387
17.163574	8.377277	37.302952
17.294662	8.454469	37.584396
17.426750	8.534702	37.875609
17.559848	8.617621	38.177994
17.693961	8.705583	38.484784
17.829100	8.794582	38.758060
17.965270	8.886649	39.018821
18.102480	8.985051	39.288221
18.240738	9.090255	39.558587
18.380052	9.206576	39.851357
18.520431	9.328427	40.132281
18.661881	9.453489	40.374971
18.804412	9.585581	40.607591
18.948031	9.721862	40.828443
19.092747	9.856808	41.042424
19.238568	9.999406	41.275994
19.385504	10.153701	41.535107
19.533561	10.322188	41.810733
19.682749	10.506438	42.041600
19.833077	10.694332	42.199661
19.984552	10.895147	42.297530
20.137185	11.111339	42.354521
20.290983	11.341535	42.456919
20.445956	11.590063	42.561137
20.602113	11.847287	42.614664
20.759462	12.125615	42.647249
20.918013	12.431805	42.606134
21.077775	12.749576	42.524298
21.238757	13.077410	42.402354
21.400969	13.429337	42.188376
21.564419	13.820006	41.874082
21.729118	14.252832	41.483177
21.895075	14.728020	41.022710
22.062299	15.223439	40.392156
22.230801	15.737033	39.613840
22.400589	16.275149	38.686313
22.571674	16.833075	37.634445
22.744066	17.437123	36.441482
22.917775	18.081227	34.951646
23.092810	18.761097	33.184087
23.269182	19.483471	31.196134
23.446901	20.179380	29.022235
23.625977	20.837637	26.563772
23.806421	21.472794	23.786994
23.988243	22.011013	20.652755
24.171454	22.458307	17.239345
24.356065	22.804476	13.688599
24.542085	22.971453	9.899953
24.729526	22.998256	6.040887
24.918398	22.873542	2.212924
25.108713	22.529452	-1.762255
25.300482	22.002790	-5.788118
25.493715	21.264866	-9.519532
25.688424	20.402003	-12.767945
25.884620	19.533420	-15.522125
26.082314	18.666502	-17.906844
26.281519	17.818776	-20.052419
26.482245	16.933367	-21.878531
26.684504	16.036523	-23.351517
26.888307	15.145656	-24.488963
27.093668	14.293462	-25.478070
27.300596	13.552809	-26.271026
27.509105	12.910282	-26.581450
27.719207	12.360173	-26.666909
27.930913	11.873041	-26.634514
28.144236	11.409759	-26.380510
28.359189	10.949107	-25.946452
28.575783	10.526023	-25.284783
28.794031	10.110355	-24.489477
29.013947	9.709791	-23.774412
29.235541	9.363350	-22.795489
29.458829	9.073917	-21.615699
29.683821	8.859539	-20.256800
29.910532	8.657183	-19.052040
30.138975	8.470776	-18.281042
30.369162	8.302519	-17.324758
30.601108	8.165155	-16.234895
30.834824	8.074610	-14.903647
31.070326	8.000732	-13.738446
31.307627	7.931396	-12.994145
31.546740	7.827134	-12.332058
31.787679	7.698465	-11.468769
32.030458	7.569928	-10.330065
32.275092	7.460051	-9.271589
32.521594	7.378755	-8.449762
32.769978	7.308100	-7.864642
33.020260	7.220041	-7.372901
33.272453	7.131838	-6.763028
33.526573	7.053968	-5.949168
33.782633	6.985338	-4.977154
34.040649	6.937124	-3.897424
34.300635	6.896232	-2.841157
34.562607	6.861899	-1.887763
34.826580	6.818160	-0.982677
35.092569	6.757758	-0.025387
35.360590	6.690093	1.065409
35.630657	6.624943	2.245658
35.902787	6.590231	3.469252
36.176996	6.580171	4.651759
36.453299	6.577562	5.738758
36.731712	6.577507	6.790013
37.012252	6.575891	7.833827
37.294934	6.574612	8.901505
37.579775	6.582270	10.005604
37.866791	6.602421	11.122951
38.156000	6.624950	12.117305
38.447418	6.635241	12.898468
38.741061	6.625897	13.639724
39.036947	6.628557	14.416980
39.335093	6.649885	15.309553
39.635516	6.690240	16.308402
39.938233	6.742885	17.212610
40.243263	6.775104	18.033346
40.550622	6.798432	18.840731
40.860328	6.830442	19.698108
41.172400	6.873736	20.578149
41.486856	6.924371	21.423807
41.803713	6.978397	22.320563
42.122990	7.031184	23.205918
42.444705	7.076254	24.055369
42.768878	7.122616	24.924177
43.095527	7.176180	25.752323
43.424670	7.233804	26.524575
43.756327	7.298276	27.305431
44.090517	7.362983	28.038498
44.427260	7.426983	28.732768
44.766574	7.494130	29.477959
45.108480	7.566951	30.232373
45.452998	7.646165	31.005609
45.800146	7.728416	31.799804
46.149946	7.815315	32.555516
46.502418	7.905559	33.295005
46.857581	7.996749	34.023844
47.215458	8.089906	34.731551
47.576067	8.187817	35.467927
47.939431	8.294594	36.227203
48.305569	8.409409	36.966463
48.674505	8.533079	37.698157
49.046258	8.660844	38.415746
49.420850	8.790814	39.099932
49.798303	8.929627	39.752835
50.178639	9.075016	40.361321
50.561880	9.228989	40.897929
50.948048	9.382502	41.347289
51.337165	9.523335	41.777986
51.729254	9.654870	42.267053
52.124338	9.787063	42.870777
52.522439	9.935317	43.600878
52.923580	10.109493	44.384794
53.327786	10.305537	45.135599
53.735078	10.516781	45.822811
54.145482	10.741858	46.466788
54.559019	10.979188	47.084678
54.975715	11.227981	47.689077
55.395594	11.490519	48.290313
55.818680	11.768518	48.880349
56.244996	12.065750	49.442258
56.674569	12.390465	49.947039
57.107423	12.737815	50.390760
57.543582	13.100905	50.785678
57.983073	13.481284	51.174130
58.425921	13.877467	51.522859
58.872150	14.284473	51.799756
59.321788	14.699673	52.102196
59.774860	15.140609	52.413642
60.231392	15.626957	52.751148
60.691411	16.178231	53.114617
61.154944	16.795655	53.405417
61.622016	17.457148	53.603371
62.092656	18.163097	53.750514
62.566891	18.913084	53.817267
63.044747	19.728749	53.793679
63.526253	20.622186	53.767604
64.011437	21.592416	53.718519
64.500326	22.676835	53.628849
64.992949	23.898516	53.434550
65.489335	25.272651	53.036921
65.989512	26.825535	52.435698
66.493508	28.555856	51.613456
67.001355	30.482138	50.547465
67.513079	32.640948	49.215535
68.028712	35.091332	47.563122
68.548284	37.876992	45.539691
69.071823	40.982799	43.012719
69.599361	44.455476	39.808090
70.130928	48.240463	35.805964
70.666555	52.245781	30.894167
71.206273	56.321857	25.041391
71.750113	59.995193	18.191063
72.298107	62.810622	10.423156
72.850286	64.278471	2.081330
73.406682	64.112599	-6.463603
73.967328	62.457758	-14.765608
74.532255	59.578412	-22.416977
75.101498	55.880379	-29.192572
75.675087	51.770581	-34.953096
76.253058	47.569054	-39.601193
76.835443	43.499954	-43.191888
77.422276	39.833331	-45.675168
78.013591	36.832580	-47.220108
78.609422	34.521731	-48.411940
79.209804	32.726322	-49.703357
79.814771	31.148695	-51.341805
80.424359	29.523745	-53.124958
81.038602	27.812969	-54.681955
81.657537	26.165847	-55.834627
82.281199	24.665567	-56.624585
82.909624	23.316537	-57.196923
83.542848	22.112821	-57.565488
84.180909	21.041227	-57.733804
84.823843	20.085696	-57.749850
85.471688	19.216615	-57.629817
86.124481	18.432525	-57.372357
86.782259	17.749395	-57.054645
87.445061	17.151028	-56.787254
88.112925	16.599804	-56.634389
88.785890	16.064656	-56.558978
89.463995	15.521471	-56.500120
90.147279	14.995549	-56.317403
90.835781	14.518699	-55.965114
91.529542	14.088208	-55.548814
92.228602	13.693660	-55.093163
92.933000	13.323799	-54.614653
93.642779	12.979200	-54.149498
94.357978	12.656688	-53.680839
95.078640	12.352863	-53.196858
95.804806	12.062042	-52.714915
96.536518	11.778804	-52.232858
97.273819	11.505483	-51.727780
98.016750	11.247094	-51.175414
98.765356	11.012407	-50.535507
99.519679	10.789158	-49.826505
100.279764	10.582390	-49.075375
101.045653	10.398612	-48.264811
101.817392	10.234524	-47.391161
102.595026	10.117835	-46.484354
103.378598	10.052284	-45.698932
104.168155	10.015219	-45.264201
104.963743	9.970529	-45.193107
105.765406	9.880651	-45.328488
106.573193	9.733740	-45.447946
107.387149	9.553363	-45.347322
108.207321	9.378066	-45.049061
109.033758	9.216452	-44.670406
109.866506	9.063927	-44.249311
110.705615	8.916285	-43.797403
111.551132	8.770032	-43.305863
112.403107	8.631627	-42.749209
113.261589	8.504924	-42.143129
114.126628	8.389300	-41.490946
114.998273	8.286999	-40.799142
115.876576	8.196478	-40.107208
116.761587	8.114711	-39.432977
117.653357	8.040778	-38.799152
118.551938	7.971069	-38.218822
119.457382	7.902390	-37.655023
120.369741	7.834816	-37.094532
121.289068	7.770722	-36.538299
122.215417	7.711194	-35.985038
123.148841	7.653363	-35.454569
124.089394	7.593378	-34.918799
125.037130	7.531908	-34.330861
125.992105	7.476591	-33.663651
126.954373	7.440444	-32.943595
127.923991	7.428942	-32.302202
128.901014	7.430482	-31.878893
129.885500	7.421741	-31.686523
130.877504	7.387016	-31.611435
131.877085	7.326077	-31.489870
132.884300	7.252668	-31.212336
133.899207	7.182999	-30.804641
134.921867	7.122408	-30.329268
135.952336	7.069059	-29.829650
136.990676	7.019634	-29.329623
138.036947	6.972366	-28.822465
139.091208	6.926501	-28.308179
140.153521	6.882341	-27.776740
141.223948	6.842469	-27.209216
142.302550	6.810657	-26.613159
143.389389	6.788581	-26.032512
144.484530	6.774060	-25.501740
145.588035	6.762233	-25.059831
146.699968	6.743999	-24.707069
147.820393	6.715788	-24.364631
148.949376	6.680322	-23.979786
150.086981	6.642973	-23.510345
151.233275	6.612500	-22.950648
152.388323	6.595433	-22.361984
153.552193	6.592119	-21.839743
154.724953	6.592856	-21.445487
155.906669	6.587642	-21.152392
157.097411	6.572077	-20.898183
158.297247	6.547297	-20.606656
159.506247	6.520284	-20.245178
160.724480	6.495327	-19.845612
161.952018	6.473047	-19.433872
163.188932	6.453357	-19.025412
164.435292	6.434379	-18.637152
165.691171	6.413491	-18.267561
166.956642	6.389376	-17.882708
168.231779	6.363559	-17.448843
169.516654	6.340679	-16.969913
170.811342	6.322117	-16.471085
172.115919	6.306746	-15.971327
173.430459	6.294676	-15.468701
174.755039	6.286310	-14.954844
176.089736	6.281970	-14.441493
177.434627	6.280489	-13.952896
178.789789	6.280516	-13.499045
180.155301	6.280190	-13.069037
181.531242	6.278452	-12.647286
182.917692	6.276051	-12.211340
184.314732	6.275253	-11.740132
185.722441	6.281982	-11.250399
187.140901	6.297056	-10.805865
188.570196	6.311477	-10.438447
190.010406	6.320783	-10.108118
191.461616	6.324587	-9.769171
192.923910	6.327648	-9.367923
194.397372	6.340451	-8.913188
195.882087	6.363782	-8.481393
197.378142	6.394244	-8.113677
198.885624	6.429825	-7.836123
200.404619	6.465510	-7.663728
201.935215	6.495735	-7.604099
203.477501	6.516300	-7.628402
205.031566	6.525251	-7.667699
206.597501	6.524866	-7.687278
208.175395	6.520182	-7.659826
209.765341	6.514112	-7.604873
211.367430	6.504452	-7.568101
212.981755	6.486933	-7.520974
214.608409	6.463353	-7.402303
216.247487	6.440667	-7.198138
217.899084	6.423336	-6.969535
219.563294	6.407887	-6.762820
221.240215	6.388389	-6.558918
222.929944	6.363868	-6.313740
224.632578	6.339496	-5.968438
226.348216	6.324956	-5.555774
228.076957	6.320385	-5.176747
229.818901	6.316491	-4.848237
231.574150	6.309912	-4.534172
233.342804	6.301235	-4.203208
235.124967	6.292542	-3.830341
236.920740	6.288872	-3.416885
238.730230	6.292431	-2.988384
240.553539	6.303743	-2.577117
242.390773	6.322372	-2.228662
244.242040	6.341701	-1.983957
246.107446	6.353249	-1.809254
247.987098	6.354858	-1.623175
249.881107	6.353849	-1.362650
251.789581	6.360214	-1.071721
253.712632	6.371286	-0.843275
255.650369	6.378654	-0.682083
257.602907	6.376184	-0.540425
259.570356	6.364532	-0.309257
261.552832	6.359262	0.050437
263.550450	6.368536	0.414083
265.563324	6.385485	0.681198
267.591572	6.399978	0.829186
269.635310	6.401638	0.916457
271.694658	6.390718	1.049447
273.769734	6.374778	1.284820
275.860658	6.361588	1.613002
277.967552	6.354664	1.989723
280.090537	6.353695	2.390477
282.229737	6.360114	2.787682
284.385275	6.372140	3.144395
286.557276	6.384895	3.452791
288.745865	6.395287	3.733821
290.951170	6.402324	4.021677
293.173318	6.408756	4.341155
295.412438	6.418361	4.684829
297.668659	6.431902	5.025664
299.942112	6.447806	5.348768
302.232929	6.464790	5.661483
304.541242	6.483845	5.973013
306.867184	6.507548	6.268702
309.210891	6.534129	6.495552
311.572499	6.554942	6.650987
313.952143	6.566233	6.809195
316.349961	6.572032	7.029172
318.766093	6.580039	7.324403
321.200679	6.595753	7.643470
323.653858	6.616255	7.923985
326.125774	6.635131	8.173045
328.616569	6.652515	8.442837
331.126388	6.673932	8.731847
333.655375	6.699248	8.994537
336.203678	6.723324	9.225587
338.771444	6.744420	9.458829
341.358820	6.764211	9.726247
343.965958	6.788535	10.050845
346.593008	6.824202	10.384236
349.240123	6.868176	10.660264
351.907454	6.915360	10.874217
354.595158	6.964066	11.029707
357.303389	7.011962	11.122002
360.032304	7.056100	11.174898
362.782061	7.097965	11.214219
365.552820	7.138164	11.231841
368.344740	7.175960	11.253015
371.157984	7.217821	11.288268
373.992714	7.267259	11.266256
376.849094	7.315486	11.144226
379.727290	7.356217	10.970581
382.627468	7.394087	10.768969
385.549797	7.429566	10.507085
388.494444	7.458675	10.154796
391.461582	7.470301	9.694835
394.451381	7.453439	9.254867
397.464015	7.419218	8.933300
400.499658	7.374655	8.744387
403.558486	7.330515	8.722531
406.640676	7.292995	8.769390
409.746406	7.255969	8.892166
412.875856	7.229679	9.100797
416.029208	7.213450	9.274428
419.206643	7.194092	9.426740
422.408346	7.172390	9.623599
425.634502	7.150429	9.872365
428.885298	7.131911	10.203144
432.160922	7.125140	10.590654
435.461564	7.131554	10.977283
438.787414	7.147624	11.306727
442.138666	7.165758	11.582563
445.515513	7.186002	11.841948
448.918150	7.211013	12.067289
452.346776	7.240517	12.221617
455.801588	7.264848	12.279264
459.282786	7.276752	12.332230
462.790571	7.286044	12.441463
466.325148	7.299292	12.571484
469.886720	7.316799	12.670293
473.475493	7.330209	12.688383
477.091676	7.328546	12.723601
480.735478	7.324347	12.891069
484.407109	7.335187	13.118775
488.106783	7.360138	13.282191
491.834713	7.385776	13.293264
495.591115	7.393195	13.229058
499.376206	7.386101	13.253466
503.190207	7.381628	13.365185
507.033336	7.381344	13.491769
510.905818	7.380748	13.611116
514.807876	7.377196	13.735012
518.739737	7.368849	13.920968
522.701627	7.369045	14.208017
526.693776	7.385973	14.476307
530.716415	7.407579	14.657955
534.769777	7.427235	14.780118
538.854097	7.441797	14.864422
542.969611	7.450833	14.965952
547.116557	7.459258	15.100261
551.295176	7.471510	15.245577
555.505709	7.486972	15.380857
559.748400	7.505189	15.494189
564.023494	7.526269	15.558901
568.331240	7.543415	15.556126
572.671887	7.551550	15.527551
577.045685	7.551859	15.506273
581.452888	7.544965	15.527579
585.893752	7.539637	15.603022
590.368532	7.536442	15.664523
594.877489	7.528352	15.711883
599.420884	7.513193	15.771424
603.998978	7.490230	15.910891
608.612038	7.472073	16.161890
613.260330	7.465915	16.437523
617.944124	7.465893	16.687644
622.663690	7.467953	16.904575
627.419302	7.466551	17.092667
632.211236	7.459318	17.315866
637.039767	7.454092	17.599332
641.905177	7.455331	17.901524
646.807747	7.460341	18.195833
651.747760	7.466940	18.487284
656.725503	7.477674	18.789075
661.741263	7.492532	19.058306
666.795331	7.504926	19.304540
671.888000	7.517999	19.566451
677.019564	7.532022	19.813693
682.190321	7.545333	20.071327
687.400569	7.561376	20.335913
692.650611	7.580666	20.590852
697.940751	7.601118	20.817561
703.271293	7.619007	21.033202
708.642548	7.636888	21.250562
714.054827	7.652557	21.472925
719.508441	7.669835	21.729248
725.003708	7.692957	21.983500
730.540945	7.718781	22.205956
736.120473	7.743575	22.397809
741.742615	7.766469	22.575662
747.407695	7.786305	22.744604
753.116044	7.802492	22.936790
758.867989	7.819965	23.162250
764.663866	7.840647	23.411702
770.504008	7.868337	23.672677
776.388755	7.903880	23.885473
782.318447	7.937440	24.027259
788.293427	7.964824	24.153752
794.314041	7.990130	24.281027
800.380638	8.012454	24.409448
806.493569	8.034077	24.545521
812.653187	8.053508	24.676578
818.859849	8.070387	24.830653
825.113915	8.088268	25.006176
831.415747	8.106656	25.199621
837.765709	8.129964	25.409491
844.164169	8.157155	25.589317
850.611498	8.181933	25.744986
857.108068	8.205412	25.900287
863.654256	8.226359	26.055903
870.250440	8.246289	26.236041
876.897004	8.269174	26.427688
883.594330	8.292823	26.604878
890.342808	8.313600	26.781497
897.142827	8.333225	26.996561
903.994781	8.357890	27.237292
910.899068	8.387969	27.472587
917.856086	8.422194	27.688951
924.866239	8.456227	27.866144
931.929932	8.485974	28.037987
939.047574	8.515087	28.235748
946.219577	8.546142	28.446298
953.446357	8.579700	28.665222
960.728331	8.616875	28.888797
968.065922	8.657822	29.105092
975.459554	8.702314	29.303992
982.909655	8.748266	29.479416
990.416656	8.793622	29.639332
997.980992	8.838508	29.799080
1005.603101	8.885039	29.968656
1013.283424	8.936079	30.140960
1021.022406	8.993051	30.297857
1028.820494	9.053919	30.416862
1036.678141	9.115494	30.506425
1044.595801	9.179358	30.578007
1052.573932	9.246624	30.617847
1060.612996	9.317205	30.620172
1068.713459	9.391774	30.565767
1076.875789	9.467523	30.423690
1085.100459	9.537216	30.183993
1093.387946	9.593401	29.852780
1101.738728	9.628579	29.472270
1110.153290	9.642370	29.105804
1118.632118	9.639347	28.771355
1127.175704	9.618244	28.497255
1135.784541	9.583526	28.332555
1144.459129	9.545210	28.295149
1153.199969	9.512301	28.373271
1162.007567	9.491127	28.518998
1170.882434	9.481567	28.681488
1179.825083	9.477147	28.820873
1188.836031	9.469914	28.964183
1197.915801	9.463690	29.148085
1207.064918	9.461905	29.357983
1216.283912	9.464770	29.586885
1225.573316	9.472645	29.820587
1234.933668	9.484317	30.057839
1244.365510	9.499204	30.293532
1253.869388	9.517866	30.533197
1263.445852	9.541807	30.762061
1273.095456	9.566433	30.960778
1282.818760	9.588733	31.154325
1292.616326	9.610124	31.366186
1302.488721	9.634931	31.600105
1312.436517	9.665820	31.832415
1322.460289	9.700093	32.048576
1332.560618	9.736607	32.246744
1342.738089	9.773203	32.428506
1352.993290	9.810622	32.611561
1363.326816	9.851490	32.783970
1373.739264	9.893996	32.930199
1384.231238	9.935588	33.051838
1394.803345	9.974402	33.159279
1405.456196	10.010439	33.262516
1416.190409	10.045160	33.375840
1427.006605	10.081581	33.486041
1437.905409	10.116115	33.581785
1448.887454	10.148479	33.684877
1459.953374	10.180934	33.787910
1471.103811	10.211672	33.892241
1482.339409	10.241541	34.002409
1493.660820	10.270240	34.118924
1505.068698	10.298377	34.252321
1516.563704	10.328525	34.399802
1528.146504	10.360768	34.555047
1539.817767	10.396643	34.712000
1551.578171	10.434906	34.854370
1563.428394	10.472499	34.992999
1575.369124	10.512884	35.133299
1587.401052	10.554595	35.254093
1599.524874	10.594914	35.369333
1611.741292	10.637725	35.479725
1624.051013	10.679656	35.560638
1636.454750	10.716536	35.638901
1648.953221	10.753580	35.722611
1661.547150	10.787815	35.792455
1674.237265	10.816863	35.877930
1687.024301	10.846583	35.981199
1699.908998	10.875193	36.094195
1712.892103	10.904843	36.228511
1725.974366	10.938106	36.361321
1739.156546	10.970274	36.492257
1752.439405	11.003298	36.632691
1765.823712	11.036917	36.769481
1779.310242	11.069428	36.916839
1792.899776	11.104260	37.073174
1806.593101	11.139153	37.229630
1820.391008	11.175352	37.402732
1834.294298	11.215828	37.575442
1848.303774	11.256932	37.738593
1862.420248	11.298339	37.906165
1876.644538	11.341383	38.075093
1890.977465	11.385621	38.243713
1905.419861	11.431226	38.413939
1919.972561	11.478521	38.584447
1934.636407	11.527011	38.755186
1949.412249	11.577439	38.932243
1964.300942	11.631758	39.105814
1979.303348	11.687583	39.266275
1994.420336	11.744561	39.421443
2009.652779	11.802661	39.565392
2025.001561	11.860149	39.705104
2040.467570	11.918320	39.844585
2056.051700	11.976972	39.981315
2071.754855	12.036027	40.120906
2087.577944	12.096754	40.263309
2103.521881	12.158975	40.398941
2119.587591	12.220747	40.536747
2135.776003	12.284694	40.682442
2152.088055	12.349764	40.827520
2168.524690	12.417479	40.987023
2185.086861	12.490405	41.147661
2201.775526	12.566926	41.307425
2218.591651	12.649135	41.468856
2235.536209	12.737029	41.626172
2252.610183	12.832117	41.779099
2269.814559	12.935158	41.923189
2287.150334	13.049950	42.057580
2304.618511	13.180094	42.155161
2322.220103	13.323473	42.189109
2339.956127	13.478991	42.142440
2357.827610	13.644967	41.974823
2375.835587	13.807203	41.650658
2393.981101	13.947992	41.182675
2412.265202	14.054406	40.615372
2430.688948	14.118703	40.021981
2449.253406	14.148660	39.470911
2467.959650	14.158302	38.980496
2486.808764	14.152118	38.518500
2505.801839	14.123657	38.081820
2524.939974	14.070793	37.711506
2544.224276	14.001070	37.431959
2563.655864	13.918756	37.235744
2583.235860	13.821550	37.139793
2602.965400	13.713128	37.185435
2622.845624	13.602177	37.416331
2642.877684	13.511588	37.867268
2663.062740	13.469169	38.477246
2683.401959	13.484063	39.121762
2703.896520	13.549386	39.697116
2724.547609	13.650391	40.128603
2745.356421	13.765034	40.381403
2766.324161	13.872403	40.481317
2787.452043	13.960191	40.485348
2808.741289	14.025864	40.461399
2830.193133	14.076775	40.456608
2851.808816	14.122974	40.479352
2873.589589	14.171121	40.510664
2895.536713	14.219939	40.516330
2917.651460	14.261105	40.485789
2939.935108	14.286536	40.443464
2962.388948	14.294865	40.430474
2985.014281	14.293257	40.482396
3007.812414	14.290686	40.602434
3030.784670	14.292781	40.776068
3053.932376	14.301780	40.990868
3077.256874	14.319019	41.238385
3100.759513	14.346988	41.507519
3124.441655	14.385535	41.781408
3148.304669	14.432611	42.051210
3172.349938	14.487105	42.314486
3196.578854	14.548316	42.569428
3220.992818	14.616278	42.813905
3245.593245	14.690775	43.042649
3270.381558	14.770823	43.250989
3295.359193	14.855184	43.436353
3320.527595	14.942576	43.597290
3345.888222	15.031873	43.733206
3371.442541	15.121662	43.844327
3397.192032	15.210636	43.933735
3423.138185	15.299180	44.006310
3449.282503	15.388160	44.058896
3475.626499	15.477139	44.083304
3502.171698	15.563655	44.064578
3528.919637	15.637650	43.995420
3555.871864	15.688991	43.910292
3583.029939	15.717189	43.862625
3610.395435	15.731128	43.898214
3637.969936	15.747159	44.029698
3665.755038	15.778160	44.226191
3693.752349	15.827156	44.442350
3721.963491	15.889880	44.648379
3750.390096	15.961140	44.835747
3779.033810	16.037584	45.004080
3807.896291	16.117488	45.156151
3836.979210	16.200069	45.293419
3866.284251	16.284432	45.416137
3895.813110	16.369749	45.525609
3925.567496	16.455624	45.624377
3955.549133	16.542518	45.713252
3985.759755	16.630854	45.788193
4016.201112	16.719197	45.842634
4046.874965	16.803843	45.873869
4077.783091	16.880162	45.890878
4108.927279	16.946647	45.915792
4140.309331	17.007400	45.967609
4171.931064	17.068882	46.049628
4203.794310	17.136348	46.149318
4235.900912	17.210010	46.244650
4268.252729	17.284197	46.325151
4300.851634	17.354203	46.402975
4333.699514	17.420958	46.495876
4366.798271	17.488894	46.612834
4400.149820	17.563523	46.749297
4433.756093	17.647321	46.888230
4467.619035	17.738353	47.015882
4501.740606	17.834049	47.128661
4536.122782	17.933052	47.226516
4570.767552	18.034588	47.308412
4605.676923	18.137614	47.372293
4640.852915	18.240359	47.416709
4676.297565	18.340729	47.443406
4712.012924	18.437172	47.456873
4748.001061	18.528849	47.462740
4784.264058	18.615684	47.466543
4820.804014	18.697991	47.472213
4857.623046	18.775942	47.483302
4894.723284	18.850063	47.505161
4932.106876	18.922355	47.543000
4969.775986	18.995782	47.597072
5007.732796	19.072684	47.662076
5045.979502	19.153661	47.730309
5084.518318	19.237890	47.796786
5123.351475	19.324739	47.859299
5162.481222	19.413360	47.914991
5201.909823	19.502292	47.964356
5241.639561	19.591293	48.008233
5281.672737	19.679339	48.045976
5322.011667	19.765663	48.082395
5362.658686	19.851335	48.118263
5403.616149	19.935765	48.152544
5444.886425	20.018722	48.188113
5486.471904	20.100720	48.224605
5528.374994	20.181107	48.261587
5570.598120	20.259254	48.301847
5613.143726	20.335558	48.349188
5656.014275	20.411064	48.406162
5699.212249	20.487093	48.473681
5742.740150	20.564908	48.550628
5786.600495	20.645165	48.635963
5830.795826	20.729907	48.729004
5875.328699	20.820370	48.819532
5920.201694	20.913422	48.900872
5965.417408	21.007152	48.975553
6010.978458	21.099750	49.045682
6056.887481	21.191092	49.120698
6103.147137	21.284635	49.202041
6149.760101	21.381114	49.283085
6196.729074	21.479797	49.361496
6244.056773	21.580126	49.436393
6291.745939	21.681535	49.507974
6339.799333	21.783771	49.576943
6388.219736	21.886792	49.643708
6437.009951	21.990578	49.708119
6486.172803	22.094883	49.769821
6535.711137	22.199335	49.828986
6585.627822	22.303617	49.886658
6635.925747	22.407738	49.944551
6686.607824	22.512236	50.003860
6737.676987	22.617702	50.064163
6789.136192	22.724472	50.124094
6840.988418	22.832523	50.182437
6893.236667	22.941509	50.238748
6945.883963	23.051127	50.293404
6998.933355	23.161289	50.346850
7052.387913	23.271968	50.399060
7106.250732	23.383164	50.449898
7160.524930	23.494881	50.499198
7215.213649	23.606993	50.546987
7270.320054	23.719347	50.593587
7325.847336	23.831809	50.639309
7381.798709	23.944307	50.684601
7438.177412	24.056979	50.730203
7494.986710	24.170273	50.776083
7552.229890	24.284270	50.821259
7609.910267	24.398618	50.865644
7668.031179	24.513150	50.909761
7726.595991	24.627964	50.954687
7785.608094	24.743623	51.001023
7845.070903	24.860690	51.047531
7904.987862	24.979145	51.092466
7965.362438	25.098414	51.134438
8026.198126	25.217751	51.173615
8087.498449	25.336719	51.211285
8149.266955	25.455175	51.248513
8211.507220	25.573135	51.286449
8274.222846	25.690852	51.326215
8337.417465	25.808789	51.368287
8401.094735	25.927495	51.412777
8465.258341	26.047542	51.459300
8529.911999	26.169243	51.506636
8595.059452	26.292476	51.553664
8660.704470	26.417004	51.599913
8726.850853	26.542653	51.645251
8793.502432	26.669347	51.689492
8860.663064	26.796987	51.732467
8928.336637	26.925341	51.774341
8996.527069	27.054324	51.815688
9065.238308	27.184142	51.856906
9134.474330	27.315022	51.897710
9204.239145	27.446952	51.937297
9274.536791	27.579617	51.975311
9345.371337	27.712796	52.012467
9416.746883	27.846885	52.049614
9488.667563	27.982715	52.085940
9561.137539	28.120083	52.119303
9634.161006	28.258139	52.148816
9707.742193	28.396178	52.174061
9781.885358	28.532950	52.195786
9856.594793	28.667773	52.216250
9931.874824	28.800501	52.237931
10007.729808	28.931633	52.264081
10084.164137	29.063107	52.296835
10161.182236	29.197386	52.334474
10238.788562	29.335416	52.371867
10316.987609	29.475782	52.404767
10395.783904	29.616223	52.432672
10475.182007	29.755263	52.458207
10555.186516	29.892633	52.484659
10635.802062	30.029082	52.514507
10717.033311	30.165958	52.548496
10798.884966	30.304206	52.585676
10881.361766	30.444391	52.625363
10964.468485	30.586976	52.666358
11048.209933	30.731840	52.707023
11132.590960	30.878521	52.747070
11217.616449	31.027281	52.786515
11303.291322	31.178292	52.823765
11389.620540	31.330596	52.857610
11476.609100	31.483098	52.888822
11564.262038	31.635229	52.919101
11652.584427	31.787445	52.950746
11741.581381	31.941278	52.984226
11831.258053	32.097659	53.017335
11921.619632	32.256626	53.048040
12012.671350	32.417337	53.074259
12104.418479	32.577962	53.095967
12196.866329	32.737784	53.114940
12290.020252	32.896336	53.132303
12383.885641	33.053467	53.150111
12478.467930	33.209967	53.170265
12573.772594	33.366986	53.193364
12669.805149	33.525305	53.218727
12766.571157	33.685204	53.246252
12864.076217	33.847748	53.275883
12962.325975	34.014009	53.305814
13061.326119	34.184346	53.334565
13161.082379	34.360027	53.360006
13261.600531	34.540986	53.375582
13362.886393	34.723484	53.376467
13464.945828	34.903312	53.362416
13567.784746	35.076012	53.335268
13671.409098	35.236768	53.302584
13775.824885	35.385472	53.277701
13881.038150	35.528573	53.268701
13987.054985	35.672076	53.271536
14093.881526	35.815647	53.280354
14201.523959	35.957681	53.296892
14309.988513	36.099338	53.324647
14419.281469	36.244343	53.367070
14529.409153	36.399251	53.419466
14640.377940	36.564401	53.468996
14752.194254	36.734224	53.509257
14864.864569	36.903703	53.543096
14978.395407	37.073010	53.577377
15092.793340	37.244595	53.610839
15208.064990	37.416827	53.641158
15324.217031	37.588001	53.670189
15441.256187	37.757624	53.700244
15559.189233	37.926382	53.734549
15678.022995	38.096484	53.775995
15797.764354	38.271970	53.823564
15918.420242	38.454190	53.871841
16039.997642	38.642569	53.917882
16162.503593	38.837406	53.957829
16285.945186	39.036128	53.986197
16410.329569	39.232952	54.002808
16535.663941	39.424587	54.014969
16661.955558	39.613027	54.028302
16789.211730	39.800623	54.043372
16917.439826	39.988793	54.057856
17046.647267	40.175034	54.068656
17176.841534	40.356576	54.082056
17308.030164	40.537219	54.103025
17440.220750	40.720543	54.130287
17573.420946	40.909784	54.160391
17707.638462	41.102827	54.184655
17842.881069	41.293614	54.205450
17979.156595	41.483219	54.228605
18116.472929	41.673038	54.254183
18254.838020	41.864741	54.283923
18394.259880	42.060855	54.314343
18534.746577	42.258416	54.342659
18676.306246	42.456480	54.372977
18818.947081	42.658137	54.407017
18962.677340	42.866471	54.444146
19107.505342	43.084257	54.478192
19253.439473	43.308605	54.502674
19400.488180	43.536603	54.516293
19548.659976	43.766388	54.515844
19697.963438	43.995123	54.503053
19848.407210	44.199425	54.481698